This is cutadapt 4.9 with Python 3.12.7
Command line parameters: -m 31 -a AGATCGGAAGAGCACACGTCTGAACTCCAGTCA -A AGATCGGAAGAGCGTCGTGTAGGGAAAGAGTGT -o A954_s1 -p A954_s2 FASTQ/A954_1.fastq.gz FASTQ/A954_2.fastq.gz
Processing paired-end reads on 1 core ...
Finished in 268.813 s (9.835 µs/read; 6.10 M reads/minute).

=== Summary ===

Total read pairs processed:         27,333,598
  Read 1 with adapter:               6,874,176 (25.1%)
  Read 2 with adapter:               6,890,817 (25.2%)

== Read fate breakdown ==
Pairs that were too short:               3,040 (0.0%)
Pairs written (passing filters):    27,330,558 (100.0%)

Total basepairs processed: 8,254,746,596 bp
  Read 1: 4,127,373,298 bp
  Read 2: 4,127,373,298 bp
Total written (filtered):  7,960,580,640 bp (96.4%)
  Read 1: 3,978,318,149 bp
  Read 2: 3,982,262,491 bp

=== First read: Adapter 1 ===

Sequence: AGATCGGAAGAGCACACGTCTGAACTCCAGTCA; Type: regular 3'; Length: 33; Trimmed: 6874176 times

Minimum overlap: 3
No. of allowed errors:
1-9 bp: 0; 10-19 bp: 1; 20-29 bp: 2; 30-33 bp: 3

Bases preceding removed adapters:
  A: 13.1%
  C: 30.6%
  G: 38.3%
  T: 17.9%
  none/other: 0.1%

Overview of removed sequences
length	count	expect	max.err	error counts
3	614984	427087.5	0	614984
4	267883	106771.9	0	267883
5	209427	26693.0	0	209427
6	194724	6673.2	0	194724
7	186696	1668.3	0	186696
8	186694	417.1	0	186694
9	186950	104.3	0	185901 1049
10	187167	26.1	1	181975 5192
11	183684	6.5	1	178737 4947
12	179670	1.6	1	174469 5201
13	177349	0.4	1	172166 5183
14	176411	0.1	1	170886 5525
15	172991	0.0	1	167174 5817
16	168223	0.0	1	161993 6230
17	165894	0.0	1	159138 6756
18	164443	0.0	1	157006 7346 91
19	159196	0.0	1	151121 7797 278
20	157654	0.0	2	148499 8158 997
21	154717	0.0	2	144726 8958 1033
22	148185	0.0	2	137861 9246 1078
23	144070	0.0	2	134075 8902 1093
24	142582	0.0	2	132270 9108 1204
25	134666	0.0	2	124236 9282 1148
26	129831	0.0	2	118716 9812 1303
27	129728	0.0	2	118619 9742 1314 53
28	122469	0.0	2	110698 10362 1333 76
29	119946	0.0	2	107808 10696 1352 90
30	117062	0.0	3	104532 10829 1367 334
31	109314	0.0	3	97562 10111 1318 323
32	106339	0.0	3	94763 9981 1281 314
33	103392	0.0	3	91828 9913 1311 340
34	99701	0.0	3	88552 9640 1222 287
35	92872	0.0	3	82860 8615 1094 303
36	89782	0.0	3	80130 8397 1004 251
37	83608	0.0	3	74483 7926 961 238
38	80822	0.0	3	72098 7522 950 252
39	75928	0.0	3	67670 7124 924 210
40	71498	0.0	3	63753 6708 822 215
41	66076	0.0	3	59088 6051 740 197
42	63501	0.0	3	56727 5851 750 173
43	60374	0.0	3	53927 5639 616 192
44	57301	0.0	3	51122 5406 601 172
45	53359	0.0	3	47701 4970 551 137
46	48723	0.0	3	43563 4491 530 139
47	44791	0.0	3	40125 4091 451 124
48	42023	0.0	3	37774 3733 391 125
49	37810	0.0	3	33876 3413 419 102
50	35620	0.0	3	31910 3244 362 104
51	32758	0.0	3	29361 2980 314 103
52	30827	0.0	3	27635 2796 305 91
53	28200	0.0	3	25240 2589 284 87
54	25932	0.0	3	23228 2356 275 73
55	23379	0.0	3	20993 2124 194 68
56	21878	0.0	3	19641 1944 234 59
57	19804	0.0	3	17777 1809 164 54
58	17733	0.0	3	15938 1564 182 49
59	15821	0.0	3	14266 1352 163 40
60	14659	0.0	3	13215 1260 144 40
61	13072	0.0	3	11747 1167 130 28
62	11745	0.0	3	10551 1036 125 33
63	11034	0.0	3	9918 980 105 31
64	9693	0.0	3	8710 864 93 26
65	8913	0.0	3	8040 772 73 28
66	8177	0.0	3	7296 773 79 29
67	7286	0.0	3	6536 641 75 34
68	6440	0.0	3	5844 525 57 14
69	5588	0.0	3	5058 459 58 13
70	5016	0.0	3	4467 474 62 13
71	4544	0.0	3	4075 411 47 11
72	4025	0.0	3	3565 392 48 20
73	3692	0.0	3	3297 347 39 9
74	3465	0.0	3	3110 305 41 9
75	3050	0.0	3	2760 253 25 12
76	2774	0.0	3	2497 230 31 16
77	2565	0.0	3	2301 233 21 10
78	2222	0.0	3	2000 195 20 7
79	1926	0.0	3	1723 176 19 8
80	1766	0.0	3	1579 161 13 13
81	1564	0.0	3	1384 152 15 13
82	1354	0.0	3	1208 128 12 6
83	1313	0.0	3	1165 121 12 15
84	1205	0.0	3	1073 113 13 6
85	1084	0.0	3	964 92 14 14
86	975	0.0	3	884 73 14 4
87	882	0.0	3	790 70 15 7
88	845	0.0	3	748 73 10 14
89	696	0.0	3	627 59 6 4
90	715	0.0	3	632 62 9 12
91	594	0.0	3	538 50 5 1
92	567	0.0	3	501 57 6 3
93	513	0.0	3	445 64 3 1
94	428	0.0	3	371 40 7 10
95	397	0.0	3	357 28 3 9
96	362	0.0	3	293 31 8 30
97	335	0.0	3	289 34 4 8
98	295	0.0	3	262 21 6 6
99	303	0.0	3	268 26 5 4
100	318	0.0	3	274 39 2 3
101	262	0.0	3	231 23 3 5
102	251	0.0	3	219 24 5 3
103	194	0.0	3	168 19 6 1
104	174	0.0	3	142 25 1 6
105	181	0.0	3	158 17 4 2
106	138	0.0	3	104 23 5 6
107	152	0.0	3	124 16 7 5
108	118	0.0	3	95 17 2 4
109	126	0.0	3	101 15 5 5
110	128	0.0	3	107 12 0 9
111	69	0.0	3	57 5 1 6
112	90	0.0	3	62 11 2 15
113	78	0.0	3	66 7 2 3
114	56	0.0	3	39 16 0 1
115	55	0.0	3	51 3 0 1
116	51	0.0	3	38 6 4 3
117	43	0.0	3	32 6 3 2
118	44	0.0	3	39 1 1 3
119	36	0.0	3	24 3 4 5
120	34	0.0	3	20 5 1 8
121	24	0.0	3	18 3 1 2
122	31	0.0	3	17 3 0 11
123	49	0.0	3	18 6 3 22
124	45	0.0	3	19 7 2 17
125	34	0.0	3	12 5 0 17
126	37	0.0	3	21 1 1 14
127	18	0.0	3	6 1 1 10
128	21	0.0	3	13 2 1 5
129	24	0.0	3	12 7 5
130	17	0.0	3	4 3 3 7
131	22	0.0	3	9 4 4 5
132	15	0.0	3	6 5 0 4
133	11	0.0	3	4 1 0 6
134	13	0.0	3	4 2 1 6
135	9	0.0	3	4 1 1 3
136	12	0.0	3	3 2 2 5
137	18	0.0	3	5 0 2 11
138	18	0.0	3	7 5 0 6
139	12	0.0	3	2 1 2 7
140	12	0.0	3	1 3 2 6
141	5	0.0	3	0 2 1 2
142	13	0.0	3	2 1 2 8
143	7	0.0	3	3 2 0 2
144	11	0.0	3	2 0 2 7
145	5	0.0	3	0 1 0 4
146	2	0.0	3	0 0 0 2
147	8	0.0	3	2 0 1 5
148	6	0.0	3	1 0 2 3
149	4	0.0	3	0 0 1 3
150	5	0.0	3	1 0 1 3
151	2529	0.0	3	1 2272 235 21


=== Second read: Adapter 2 ===

Sequence: AGATCGGAAGAGCGTCGTGTAGGGAAAGAGTGT; Type: regular 3'; Length: 33; Trimmed: 6890817 times

Minimum overlap: 3
No. of allowed errors:
1-9 bp: 0; 10-19 bp: 1; 20-29 bp: 2; 30-33 bp: 3

Bases preceding removed adapters:
  A: 11.3%
  C: 37.2%
  G: 43.1%
  T: 8.4%
  none/other: 0.0%

Overview of removed sequences
length	count	expect	max.err	error counts
3	716696	427087.5	0	716696
4	290670	106771.9	0	290670
5	220505	26693.0	0	220505
6	195728	6673.2	0	195728
7	186748	1668.3	0	186748
8	186928	417.1	0	186928
9	187147	104.3	0	186322 825
10	187188	26.1	1	182497 4691
11	183633	6.5	1	179675 3958
12	179108	1.6	1	175594 3514
13	176408	0.4	1	171273 5135
14	175811	0.1	1	171933 3878
15	172413	0.0	1	168351 4062
16	167518	0.0	1	163029 4489
17	165205	0.0	1	160412 4793
18	163788	0.0	1	159032 4732 24
19	158603	0.0	1	153544 4943 116
20	156778	0.0	2	129806 25250 1722
21	153118	0.0	2	109595 35864 7659
22	146834	0.0	2	126812 15501 4521
23	142723	0.0	2	120154 17425 5144
24	141253	0.0	2	117974 17602 5677
25	130991	0.0	2	101009 23582 6400
26	126147	0.0	2	99785 20276 6086
27	125756	0.0	2	99494 19988 6260 14
28	117934	0.0	2	78904 32295 6713 22
29	114052	0.0	2	81848 23763 7745 696
30	112541	0.0	3	79098 22167 7641 3635
31	104601	0.0	3	68490 22535 8906 4670
32	102344	0.0	3	72502 19990 6698 3154
33	97941	0.0	3	69166 19149 6408 3218
34	95231	0.0	3	66836 18882 6368 3145
35	88597	0.0	3	62539 17570 5703 2785
36	85489	0.0	3	59761 17259 5745 2724
37	79889	0.0	3	56425 15679 5283 2502
38	77490	0.0	3	55157 14992 4963 2378
39	72519	0.0	3	49853 14949 5227 2490
40	68204	0.0	3	47629 13734 4627 2214
41	63943	0.0	3	47463 11340 3479 1661
42	60609	0.0	3	41702 12450 4352 2105
43	58220	0.0	3	43251 10247 3200 1522
44	54848	0.0	3	38774 10675 3596 1803
45	50949	0.0	3	35510 10272 3515 1652
46	46814	0.0	3	31922 9941 3419 1532
47	42793	0.0	3	30855 8134 2607 1197
48	39927	0.0	3	28666 7488 2522 1251
49	36264	0.0	3	25858 7027 2287 1092
50	33943	0.0	3	23372 6952 2448 1171
51	30949	0.0	3	21272 6371 2238 1068
52	29656	0.0	3	22015 5168 1674 799
53	26837	0.0	3	18348 5551 1983 955
54	24773	0.0	3	17018 5176 1783 796
55	22288	0.0	3	15197 4671 1618 802
56	20841	0.0	3	14183 4425 1517 716
57	18892	0.0	3	13049 3882 1303 658
58	16876	0.0	3	11741 3415 1146 574
59	14982	0.0	3	10326 2999 1095 562
60	13915	0.0	3	9594 2861 998 462
61	12516	0.0	3	8596 2611 905 404
62	11194	0.0	3	7639 2386 781 388
63	10620	0.0	3	7896 1873 585 266
64	9289	0.0	3	6754 1734 546 255
65	8557	0.0	3	6336 1474 503 244
66	7827	0.0	3	5649 1465 481 232
67	6995	0.0	3	5004 1340 447 204
68	6172	0.0	3	4445 1162 385 180
69	5294	0.0	3	3674 1077 377 166
70	4735	0.0	3	3321 906 344 164
71	4331	0.0	3	3003 868 308 152
72	3828	0.0	3	2649 766 261 152
73	3500	0.0	3	2462 699 229 110
74	3304	0.0	3	2301 659 225 119
75	2911	0.0	3	2035 593 197 86
76	2660	0.0	3	1978 464 146 72
77	2435	0.0	3	1848 414 107 66
78	2137	0.0	3	1611 357 119 50
79	1847	0.0	3	1347 331 117 52
80	1681	0.0	3	1226 301 98 56
81	1482	0.0	3	1087 268 83 44
82	1290	0.0	3	960 228 73 29
83	1224	0.0	3	894 217 85 28
84	1163	0.0	3	851 217 59 36
85	1022	0.0	3	760 170 65 27
86	934	0.0	3	679 157 62 36
87	839	0.0	3	622 148 45 24
88	785	0.0	3	556 157 45 27
89	661	0.0	3	460 142 33 26
90	677	0.0	3	460 146 51 20
91	575	0.0	3	403 113 38 21
92	536	0.0	3	383 103 31 19
93	481	0.0	3	356 89 28 8
94	396	0.0	3	273 76 27 20
95	369	0.0	3	271 62 18 18
96	313	0.0	3	230 51 20 12
97	311	0.0	3	225 57 20 9
98	272	0.0	3	193 58 14 7
99	288	0.0	3	193 67 21 7
100	298	0.0	3	217 49 23 9
101	242	0.0	3	166 44 19 13
102	234	0.0	3	163 37 21 13
103	167	0.0	3	116 33 17 1
104	162	0.0	3	120 29 8 5
105	166	0.0	3	121 26 9 10
106	118	0.0	3	84 20 7 7
107	132	0.0	3	103 19 7 3
108	108	0.0	3	82 15 9 2
109	109	0.0	3	75 25 5 4
110	119	0.0	3	90 23 4 2
111	61	0.0	3	43 12 6
112	65	0.0	3	44 13 7 1
113	65	0.0	3	49 9 7
114	43	0.0	3	33 5 3 2
115	52	0.0	3	39 10 2 1
116	41	0.0	3	31 8 0 2
117	36	0.0	3	21 10 3 2
118	39	0.0	3	26 6 6 1
119	24	0.0	3	15 7 1 1
120	24	0.0	3	15 4 2 3
121	20	0.0	3	13 3 4
122	19	0.0	3	12 4 1 2
123	18	0.0	3	12 4 1 1
124	18	0.0	3	15 2 1
125	15	0.0	3	9 4 2
126	24	0.0	3	15 5 3 1
127	6	0.0	3	5 1
128	12	0.0	3	12
129	15	0.0	3	10 2 3
130	4	0.0	3	4
131	9	0.0	3	6 2 0 1
132	6	0.0	3	5 1
133	4	0.0	3	3 1
134	4	0.0	3	3 1
135	5	0.0	3	4 1
136	4	0.0	3	4
137	5	0.0	3	4 1
138	7	0.0	3	7
139	2	0.0	3	0 2
140	3	0.0	3	1 2
142	2	0.0	3	1 1
143	3	0.0	3	3
144	2	0.0	3	1 1
147	2	0.0	3	0 2
148	1	0.0	3	1
150	2	0.0	3	0 1 1
151	1	0.0	3	0 0 0 1
