This is cutadapt 4.9 with Python 3.12.7
Command line parameters: -m 31 -a AGATCGGAAGAGCACACGTCTGAACTCCAGTCA -A AGATCGGAAGAGCGTCGTGTAGGGAAAGAGTGT -o A956_s1 -p A956_s2 FASTQ/A956_1.fastq.gz FASTQ/A956_2.fastq.gz
Processing paired-end reads on 1 core ...
Finished in 243.095 s (9.370 µs/read; 6.40 M reads/minute).

=== Summary ===

Total read pairs processed:         25,945,123
  Read 1 with adapter:               5,647,032 (21.8%)
  Read 2 with adapter:               5,682,802 (21.9%)

== Read fate breakdown ==
Pairs that were too short:               3,594 (0.0%)
Pairs written (passing filters):    25,941,529 (100.0%)

Total basepairs processed: 7,835,427,146 bp
  Read 1: 3,917,713,573 bp
  Read 2: 3,917,713,573 bp
Total written (filtered):  7,601,147,319 bp (97.0%)
  Read 1: 3,798,995,182 bp
  Read 2: 3,802,152,137 bp

=== First read: Adapter 1 ===

Sequence: AGATCGGAAGAGCACACGTCTGAACTCCAGTCA; Type: regular 3'; Length: 33; Trimmed: 5647032 times

Minimum overlap: 3
No. of allowed errors:
1-9 bp: 0; 10-19 bp: 1; 20-29 bp: 2; 30-33 bp: 3

Bases preceding removed adapters:
  A: 14.0%
  C: 29.6%
  G: 38.7%
  T: 17.6%
  none/other: 0.1%

Overview of removed sequences
length	count	expect	max.err	error counts
3	583256	405392.5	0	583256
4	238829	101348.1	0	238829
5	182660	25337.0	0	182660
6	165209	6334.3	0	165209
7	159819	1583.6	0	159819
8	157622	395.9	0	157622
9	157157	99.0	0	156423 734
10	156315	24.7	1	151935 4380
11	153522	6.2	1	149707 3815
12	150081	1.5	1	145977 4104
13	146535	0.4	1	142455 4080
14	144654	0.1	1	140474 4180
15	141636	0.0	1	137276 4360
16	135644	0.0	1	131080 4564
17	134823	0.0	1	129822 5001
18	132492	0.0	1	127025 5395 72
19	128348	0.0	1	122558 5565 225
20	126870	0.0	2	120263 5882 725
21	123649	0.0	2	116708 6142 799
22	117654	0.0	2	110636 6257 761
23	114250	0.0	2	107414 6078 758
24	111621	0.0	2	104488 6284 849
25	106331	0.0	2	99324 6192 815
26	101773	0.0	2	94278 6666 829
27	100176	0.0	2	92940 6330 881 25
28	95798	0.0	2	87720 7153 886 39
29	92845	0.0	2	84968 6990 831 56
30	91393	0.0	3	83285 7005 904 199
31	85421	0.0	3	77703 6663 849 206
32	82614	0.0	3	75171 6448 792 203
33	80106	0.0	3	72586 6456 818 246
34	77231	0.0	3	70132 6079 787 233
35	72065	0.0	3	65492 5639 744 190
36	68670	0.0	3	62443 5377 671 179
37	63769	0.0	3	57931 5057 616 165
38	62247	0.0	3	56391 5060 617 179
39	58102	0.0	3	52726 4640 602 134
40	55285	0.0	3	50165 4414 552 154
41	51829	0.0	3	47135 4026 509 159
42	49116	0.0	3	44788 3752 467 109
43	46305	0.0	3	42259 3498 432 116
44	44158	0.0	3	40221 3441 388 108
45	41282	0.0	3	37570 3236 369 107
46	37867	0.0	3	34451 2985 341 90
47	34662	0.0	3	31563 2705 299 95
48	32225	0.0	3	29373 2503 274 75
49	29847	0.0	3	27250 2260 267 70
50	27631	0.0	3	25227 2061 266 77
51	25713	0.0	3	23420 1969 251 73
52	24108	0.0	3	21933 1887 210 78
53	21996	0.0	3	20068 1682 192 54
54	20387	0.0	3	18609 1515 215 48
55	18529	0.0	3	16922 1410 154 43
56	17280	0.0	3	15735 1374 137 34
57	15453	0.0	3	14124 1148 128 53
58	13946	0.0	3	12731 1052 128 35
59	12648	0.0	3	11530 964 110 44
60	11486	0.0	3	10542 815 92 37
61	10465	0.0	3	9568 792 71 34
62	9444	0.0	3	8668 683 69 24
63	8883	0.0	3	8144 663 50 26
64	7956	0.0	3	7303 567 62 24
65	7279	0.0	3	6687 495 59 38
66	6633	0.0	3	6076 477 59 21
67	5812	0.0	3	5357 392 37 26
68	5381	0.0	3	4881 424 55 21
69	4511	0.0	3	4136 332 27 16
70	4235	0.0	3	3888 292 33 22
71	3804	0.0	3	3436 318 40 10
72	3266	0.0	3	2996 237 27 6
73	3057	0.0	3	2833 199 16 9
74	2810	0.0	3	2551 212 36 11
75	2551	0.0	3	2324 201 22 4
76	2357	0.0	3	2141 178 25 13
77	2042	0.0	3	1863 160 11 8
78	1851	0.0	3	1667 138 21 25
79	1672	0.0	3	1523 118 16 15
80	1547	0.0	3	1406 123 12 6
81	1333	0.0	3	1199 115 8 11
82	1155	0.0	3	1056 82 7 10
83	1096	0.0	3	974 92 8 22
84	1007	0.0	3	917 75 5 10
85	912	0.0	3	844 45 11 12
86	874	0.0	3	794 62 7 11
87	786	0.0	3	708 58 11 9
88	752	0.0	3	661 60 6 25
89	616	0.0	3	566 42 3 5
90	678	0.0	3	605 49 5 19
91	538	0.0	3	479 46 8 5
92	482	0.0	3	435 35 7 5
93	466	0.0	3	419 31 7 9
94	440	0.0	3	380 37 10 13
95	356	0.0	3	302 29 4 21
96	343	0.0	3	254 27 3 59
97	318	0.0	3	272 18 6 22
98	272	0.0	3	254 13 3 2
99	273	0.0	3	239 24 2 8
100	248	0.0	3	207 26 6 9
101	204	0.0	3	177 22 2 3
102	204	0.0	3	173 20 5 6
103	174	0.0	3	146 20 6 2
104	169	0.0	3	142 13 5 9
105	136	0.0	3	108 14 4 10
106	134	0.0	3	110 12 6 6
107	108	0.0	3	90 11 3 4
108	110	0.0	3	93 0 8 9
109	101	0.0	3	85 5 7 4
110	89	0.0	3	70 9 5 5
111	81	0.0	3	66 7 2 6
112	95	0.0	3	70 11 4 10
113	77	0.0	3	55 14 2 6
114	49	0.0	3	37 7 2 3
115	59	0.0	3	45 9 0 5
116	43	0.0	3	24 10 3 6
117	40	0.0	3	21 8 2 9
118	39	0.0	3	25 2 3 9
119	45	0.0	3	28 5 4 8
120	41	0.0	3	29 2 4 6
121	35	0.0	3	20 9 1 5
122	36	0.0	3	13 7 1 15
123	45	0.0	3	11 3 4 27
124	67	0.0	3	11 6 3 47
125	39	0.0	3	13 1 1 24
126	31	0.0	3	9 1 0 21
127	26	0.0	3	10 2 0 14
128	27	0.0	3	11 1 7 8
129	19	0.0	3	10 2 3 4
130	22	0.0	3	7 3 1 11
131	17	0.0	3	7 2 0 8
132	14	0.0	3	4 3 1 6
133	16	0.0	3	9 2 0 5
134	17	0.0	3	1 0 1 15
135	15	0.0	3	4 1 1 9
136	15	0.0	3	6 3 1 5
137	23	0.0	3	2 1 1 19
138	21	0.0	3	9 1 1 10
139	25	0.0	3	4 3 2 16
140	12	0.0	3	3 1 1 7
141	15	0.0	3	2 1 3 9
142	11	0.0	3	3 0 1 7
143	10	0.0	3	3 0 1 6
144	19	0.0	3	4 1 5 9
145	6	0.0	3	0 0 1 5
146	5	0.0	3	0 0 1 4
147	1	0.0	3	0 0 0 1
148	8	0.0	3	1 0 3 4
149	10	0.0	3	1 0 2 7
150	7	0.0	3	0 0 1 6
151	2979	0.0	3	1 2713 231 34


=== Second read: Adapter 2 ===

Sequence: AGATCGGAAGAGCGTCGTGTAGGGAAAGAGTGT; Type: regular 3'; Length: 33; Trimmed: 5682802 times

Minimum overlap: 3
No. of allowed errors:
1-9 bp: 0; 10-19 bp: 1; 20-29 bp: 2; 30-33 bp: 3

Bases preceding removed adapters:
  A: 12.6%
  C: 35.4%
  G: 43.8%
  T: 8.3%
  none/other: 0.0%

Overview of removed sequences
length	count	expect	max.err	error counts
3	681926	405392.5	0	681926
4	263029	101348.1	0	263029
5	193807	25337.0	0	193807
6	166164	6334.3	0	166164
7	159974	1583.6	0	159974
8	157391	395.9	0	157391
9	157322	99.0	0	156276 1046
10	156342	24.7	1	151933 4409
11	153480	6.2	1	149565 3915
12	149711	1.5	1	146087 3624
13	145859	0.4	1	140808 5051
14	144126	0.1	1	139957 4169
15	141012	0.0	1	136587 4425
16	134978	0.0	1	130184 4794
17	134196	0.0	1	128669 5527
18	131978	0.0	1	126336 5600 42
19	127781	0.0	1	121657 5914 210
20	126116	0.0	2	102655 22056 1405
21	122328	0.0	2	85300 30710 6318
22	116550	0.0	2	98448 14408 3694
23	113094	0.0	2	93344 15620 4130
24	110416	0.0	2	90145 15688 4583
25	103349	0.0	2	77386 20763 5200
26	98731	0.0	2	76019 17639 5073
27	96989	0.0	2	74426 17445 5063 55
28	92086	0.0	2	60156 26395 5454 81
29	88398	0.0	2	61088 20043 6498 769
30	87585	0.0	3	59311 19128 6290 2856
31	81581	0.0	3	50858 19416 7438 3869
32	79390	0.0	3	54469 16833 5455 2633
33	75768	0.0	3	51705 16159 5241 2663
34	73632	0.0	3	49600 16091 5338 2603
35	68681	0.0	3	46721 14898 4751 2311
36	65289	0.0	3	44057 14382 4614 2236
37	60811	0.0	3	41291 13271 4162 2087
38	59566	0.0	3	40991 12601 4081 1893
39	55214	0.0	3	36857 12300 4067 1990
40	52628	0.0	3	35391 11653 3749 1835
41	50097	0.0	3	35786 9945 3002 1364
42	46808	0.0	3	31059 10541 3532 1676
43	44624	0.0	3	31843 8776 2762 1243
44	42224	0.0	3	28951 8986 2881 1406
45	39412	0.0	3	26365 8716 2987 1344
46	36318	0.0	3	23717 8443 2858 1300
47	33022	0.0	3	22902 6814 2179 1127
48	30508	0.0	3	21072 6379 2030 1027
49	28617	0.0	3	19500 6246 1941 930
50	26260	0.0	3	17438 5866 1943 1013
51	24342	0.0	3	16222 5419 1817 884
52	23132	0.0	3	16653 4490 1339 650
53	20854	0.0	3	13918 4545 1626 765
54	19462	0.0	3	12946 4363 1455 698
55	17624	0.0	3	11567 4011 1364 682
56	16423	0.0	3	10685 3873 1267 598
57	14679	0.0	3	9888 3151 1107 533
58	13194	0.0	3	8739 2974 1009 472
59	11925	0.0	3	7881 2663 934 447
60	10868	0.0	3	7282 2378 791 417
61	9968	0.0	3	6647 2208 759 354
62	8972	0.0	3	5904 2006 701 361
63	8565	0.0	3	6243 1578 515 229
64	7654	0.0	3	5330 1612 482 230
65	6919	0.0	3	4885 1423 402 209
66	6355	0.0	3	4429 1309 416 201
67	5560	0.0	3	3814 1177 381 188
68	5127	0.0	3	3509 1094 361 163
69	4289	0.0	3	2908 910 326 145
70	4012	0.0	3	2719 878 266 149
71	3621	0.0	3	2494 761 250 116
72	3124	0.0	3	2055 711 238 120
73	2919	0.0	3	1972 628 210 109
74	2675	0.0	3	1826 568 179 102
75	2436	0.0	3	1626 547 178 85
76	2252	0.0	3	1632 432 127 61
77	1951	0.0	3	1377 373 130 71
78	1753	0.0	3	1283 338 79 53
79	1585	0.0	3	1110 334 93 48
80	1483	0.0	3	1011 326 104 42
81	1262	0.0	3	887 252 79 44
82	1096	0.0	3	768 224 74 30
83	1036	0.0	3	709 224 65 38
84	963	0.0	3	682 206 58 17
85	866	0.0	3	584 200 56 26
86	817	0.0	3	553 177 59 28
87	729	0.0	3	518 129 52 30
88	685	0.0	3	450 151 51 33
89	583	0.0	3	396 127 45 15
90	630	0.0	3	424 134 51 21
91	507	0.0	3	352 104 29 22
92	449	0.0	3	307 91 34 17
93	425	0.0	3	308 74 28 15
94	398	0.0	3	282 74 27 15
95	317	0.0	3	229 59 16 13
96	266	0.0	3	187 51 17 11
97	275	0.0	3	189 61 14 11
98	257	0.0	3	185 43 14 15
99	248	0.0	3	154 59 19 16
100	222	0.0	3	158 40 17 7
101	191	0.0	3	123 42 17 9
102	183	0.0	3	121 37 19 6
103	150	0.0	3	100 36 10 4
104	153	0.0	3	113 26 10 4
105	113	0.0	3	83 21 7 2
106	116	0.0	3	84 22 6 4
107	91	0.0	3	63 21 2 5
108	89	0.0	3	62 14 8 5
109	86	0.0	3	62 14 9 1
110	76	0.0	3	53 19 3 1
111	73	0.0	3	50 18 4 1
112	76	0.0	3	47 15 8 6
113	62	0.0	3	38 13 8 3
114	44	0.0	3	31 10 3
115	50	0.0	3	29 12 7 2
116	27	0.0	3	17 5 2 3
117	26	0.0	3	18 2 6
118	26	0.0	3	18 3 3 2
119	29	0.0	3	26 2 0 1
120	31	0.0	3	25 3 2 1
121	24	0.0	3	16 4 4
122	13	0.0	3	9 4
123	11	0.0	3	9 2
124	14	0.0	3	8 2 2 2
125	13	0.0	3	6 6 1
126	8	0.0	3	6 2
127	10	0.0	3	3 5 1 1
128	12	0.0	3	9 2 0 1
129	12	0.0	3	9 1 0 2
130	6	0.0	3	5 0 0 1
131	6	0.0	3	5 0 1
132	4	0.0	3	3 1
133	9	0.0	3	8 0 1
134	1	0.0	3	1
135	5	0.0	3	4 1
136	6	0.0	3	5 1
137	3	0.0	3	0 1 0 2
138	9	0.0	3	6 1 2
139	4	0.0	3	3 1
140	2	0.0	3	2
141	2	0.0	3	1 1
142	4	0.0	3	2 1 1
143	3	0.0	3	2 1
144	4	0.0	3	3 1
148	1	0.0	3	1
149	1	0.0	3	1
151	1	0.0	3	0 1
