This is cutadapt 4.9 with Python 3.12.7
Command line parameters: -m 31 -a AGATCGGAAGAGCACACGTCTGAACTCCAGTCA -A AGATCGGAAGAGCGTCGTGTAGGGAAAGAGTGT -o A957_s1 -p A957_s2 FASTQ/A957_1.fastq.gz FASTQ/A957_2.fastq.gz
Processing paired-end reads on 1 core ...
Finished in 236.448 s (9.815 µs/read; 6.11 M reads/minute).

=== Summary ===

Total read pairs processed:         24,091,461
  Read 1 with adapter:               4,315,951 (17.9%)
  Read 2 with adapter:               4,405,969 (18.3%)

== Read fate breakdown ==
Pairs that were too short:               4,143 (0.0%)
Pairs written (passing filters):    24,087,318 (100.0%)

Total basepairs processed: 7,275,621,222 bp
  Read 1: 3,637,810,611 bp
  Read 2: 3,637,810,611 bp
Total written (filtered):  7,101,926,517 bp (97.6%)
  Read 1: 3,549,920,162 bp
  Read 2: 3,552,006,355 bp

=== First read: Adapter 1 ===

Sequence: AGATCGGAAGAGCACACGTCTGAACTCCAGTCA; Type: regular 3'; Length: 33; Trimmed: 4315951 times

Minimum overlap: 3
No. of allowed errors:
1-9 bp: 0; 10-19 bp: 1; 20-29 bp: 2; 30-33 bp: 3

Bases preceding removed adapters:
  A: 12.0%
  C: 33.1%
  G: 35.6%
  T: 19.2%
  none/other: 0.1%

Overview of removed sequences
length	count	expect	max.err	error counts
3	519870	376429.1	0	519870
4	205530	94107.3	0	205530
5	143159	23526.8	0	143159
6	128146	5881.7	0	128146
7	123088	1470.4	0	123088
8	119862	367.6	0	119862
9	119716	91.9	0	119101 615
10	119019	23.0	1	115523 3496
11	115352	5.7	1	112094 3258
12	112123	1.4	1	108761 3362
13	109588	0.4	1	106305 3283
14	107882	0.1	1	104367 3515
15	106577	0.0	1	102880 3697
16	102573	0.0	1	98618 3955
17	100028	0.0	1	95885 4143
18	99573	0.0	1	95296 4225 52
19	96004	0.0	1	91462 4397 145
20	94150	0.0	2	87747 5658 745
21	91421	0.0	2	84575 6001 845
22	87949	0.0	2	81117 6004 828
23	84434	0.0	2	77949 5681 804
24	82103	0.0	2	75405 5893 805
25	77753	0.0	2	71122 5835 796
26	75206	0.0	2	68362 6008 836
27	74418	0.0	2	67505 6029 870 14
28	70992	0.0	2	63620 6401 946 25
29	68468	0.0	2	61083 6384 947 54
30	66585	0.0	3	59084 6329 970 202
31	62089	0.0	3	55070 5955 845 219
32	60190	0.0	3	53112 6027 850 201
33	58853	0.0	3	51760 6014 855 224
34	56736	0.0	3	50060 5613 831 232
35	52484	0.0	3	46265 5272 739 208
36	50098	0.0	3	44120 5093 683 202
37	46725	0.0	3	41082 4769 679 195
38	45392	0.0	3	40080 4532 618 162
39	42482	0.0	3	37466 4240 614 162
40	40176	0.0	3	35335 4071 584 186
41	37277	0.0	3	32777 3796 539 165
42	35640	0.0	3	31496 3495 515 134
43	33427	0.0	3	29524 3350 425 128
44	31386	0.0	3	27834 3011 420 121
45	29617	0.0	3	26102 2988 414 113
46	27002	0.0	3	23817 2705 352 128
47	24777	0.0	3	21888 2472 323 94
48	23864	0.0	3	21073 2376 312 103
49	21698	0.0	3	19166 2162 282 88
50	19935	0.0	3	17685 1920 256 74
51	18841	0.0	3	16676 1839 241 85
52	17349	0.0	3	15308 1718 226 97
53	15698	0.0	3	13885 1540 219 54
54	14521	0.0	3	12857 1407 199 58
55	13130	0.0	3	11671 1219 166 74
56	12199	0.0	3	10819 1158 158 64
57	11079	0.0	3	9866 1014 154 45
58	10134	0.0	3	9000 945 133 56
59	9019	0.0	3	7989 879 111 40
60	8193	0.0	3	7296 748 116 33
61	7382	0.0	3	6576 665 100 41
62	6819	0.0	3	6023 668 90 38
63	6216	0.0	3	5482 627 85 22
64	5605	0.0	3	4947 541 66 51
65	5339	0.0	3	4700 519 72 48
66	4678	0.0	3	4081 485 59 53
67	4219	0.0	3	3735 396 46 42
68	3777	0.0	3	3371 333 58 15
69	3326	0.0	3	2956 311 33 26
70	3150	0.0	3	2813 281 46 10
71	2695	0.0	3	2371 263 46 15
72	2400	0.0	3	2146 213 24 17
73	2275	0.0	3	1993 242 26 14
74	2013	0.0	3	1768 205 31 9
75	1822	0.0	3	1600 178 30 14
76	1703	0.0	3	1514 149 17 23
77	1516	0.0	3	1310 162 25 19
78	1378	0.0	3	1168 129 22 59
79	1214	0.0	3	1049 118 23 24
80	1046	0.0	3	906 100 15 25
81	958	0.0	3	815 95 18 30
82	873	0.0	3	767 73 11 22
83	825	0.0	3	682 62 15 66
84	788	0.0	3	660 91 18 19
85	705	0.0	3	621 52 12 20
86	630	0.0	3	552 50 3 25
87	556	0.0	3	465 51 16 24
88	583	0.0	3	456 49 14 64
89	479	0.0	3	415 42 10 12
90	463	0.0	3	369 50 6 38
91	405	0.0	3	355 30 12 8
92	363	0.0	3	315 25 8 15
93	333	0.0	3	271 43 7 12
94	299	0.0	3	242 26 12 19
95	299	0.0	3	228 28 7 36
96	354	0.0	3	197 18 11 128
97	244	0.0	3	187 22 11 24
98	240	0.0	3	187 35 7 11
99	240	0.0	3	197 20 8 15
100	212	0.0	3	170 19 5 18
101	159	0.0	3	134 16 2 7
102	157	0.0	3	127 14 8 8
103	137	0.0	3	103 22 4 8
104	156	0.0	3	103 19 7 27
105	122	0.0	3	91 15 3 13
106	106	0.0	3	82 8 3 13
107	103	0.0	3	76 11 4 12
108	103	0.0	3	79 5 3 16
109	80	0.0	3	59 8 4 9
110	81	0.0	3	55 5 5 16
111	83	0.0	3	55 6 5 17
112	99	0.0	3	58 5 4 32
113	58	0.0	3	34 8 5 11
114	63	0.0	3	44 10 2 7
115	58	0.0	3	42 2 7 7
116	57	0.0	3	31 11 1 14
117	53	0.0	3	33 10 1 9
118	50	0.0	3	31 6 2 11
119	37	0.0	3	15 6 7 9
120	44	0.0	3	21 1 1 21
121	31	0.0	3	15 5 5 6
122	50	0.0	3	21 2 2 25
123	82	0.0	3	23 8 6 45
124	104	0.0	3	12 6 4 82
125	74	0.0	3	14 2 7 51
126	51	0.0	3	15 2 0 34
127	34	0.0	3	10 1 3 20
128	36	0.0	3	9 1 8 18
129	25	0.0	3	13 2 2 8
130	38	0.0	3	10 3 3 22
131	30	0.0	3	6 9 4 11
132	34	0.0	3	7 4 1 22
133	31	0.0	3	6 3 3 19
134	45	0.0	3	6 2 2 35
135	15	0.0	3	5 3 2 5
136	17	0.0	3	4 4 1 8
137	38	0.0	3	3 1 1 33
138	28	0.0	3	4 5 1 18
139	37	0.0	3	6 0 6 25
140	10	0.0	3	0 0 1 9
141	21	0.0	3	1 0 7 13
142	19	0.0	3	2 0 0 17
143	12	0.0	3	1 0 1 10
144	19	0.0	3	3 0 1 15
145	11	0.0	3	1 0 0 10
146	7	0.0	3	0 0 2 5
147	14	0.0	3	1 1 2 10
148	8	0.0	3	1 0 3 4
149	17	0.0	3	0 1 0 16
150	9	0.0	3	0 0 0 9
151	3196	0.0	3	2 2833 328 33


=== Second read: Adapter 2 ===

Sequence: AGATCGGAAGAGCGTCGTGTAGGGAAAGAGTGT; Type: regular 3'; Length: 33; Trimmed: 4405969 times

Minimum overlap: 3
No. of allowed errors:
1-9 bp: 0; 10-19 bp: 1; 20-29 bp: 2; 30-33 bp: 3

Bases preceding removed adapters:
  A: 11.8%
  C: 39.4%
  G: 39.6%
  T: 9.3%
  none/other: 0.0%

Overview of removed sequences
length	count	expect	max.err	error counts
3	644046	376429.1	0	644046
4	231193	94107.3	0	231193
5	153236	23526.8	0	153236
6	129374	5881.7	0	129374
7	123179	1470.4	0	123179
8	120092	367.6	0	120092
9	120202	91.9	0	119587 615
10	119101	23.0	1	115985 3116
11	115326	5.7	1	112897 2429
12	111822	1.4	1	109491 2331
13	109035	0.4	1	106511 2524
14	107494	0.1	1	105216 2278
15	106063	0.0	1	103569 2494
16	102104	0.0	1	99365 2739
17	99696	0.0	1	96734 2962
18	99249	0.0	1	96205 3030 14
19	95680	0.0	1	92400 3206 74
20	93684	0.0	2	77923 14769 992
21	90569	0.0	2	64489 21589 4491
22	87259	0.0	2	74976 9705 2578
23	83731	0.0	2	70258 10516 2957
24	81354	0.0	2	67676 10507 3171
25	75714	0.0	2	58994 13146 3574
26	73181	0.0	2	58059 11731 3391
27	72326	0.0	2	57010 11884 3419 13
28	68396	0.0	2	44646 19819 3917 14
29	65178	0.0	2	46519 13952 4268 439
30	63965	0.0	3	44652 12897 4429 1987
31	59391	0.0	3	38308 13256 5163 2664
32	58011	0.0	3	40887 11492 3739 1893
33	55717	0.0	3	39228 11046 3552 1891
34	54213	0.0	3	37577 11179 3632 1825
35	49995	0.0	3	35038 10055 3319 1583
36	47702	0.0	3	33060 9893 3223 1526
37	44601	0.0	3	31302 8972 2902 1425
38	43518	0.0	3	30844 8672 2675 1327
39	40570	0.0	3	27562 8764 2877 1367
40	38297	0.0	3	26511 7879 2679 1228
41	36060	0.0	3	26511 6582 2066 901
42	34013	0.0	3	23303 7069 2408 1233
43	32197	0.0	3	23642 5817 1851 887
44	30021	0.0	3	21161 5913 1999 948
45	28206	0.0	3	19659 5698 1898 951
46	25985	0.0	3	17558 5638 1878 911
47	23553	0.0	3	16848 4640 1354 711
48	22669	0.0	3	16079 4471 1432 687
49	20825	0.0	3	14687 4171 1327 640
50	19031	0.0	3	12931 4104 1338 658
51	17763	0.0	3	12133 3717 1308 605
52	16625	0.0	3	12245 3008 903 469
53	14928	0.0	3	10142 3160 1102 524
54	13821	0.0	3	9366 3006 1017 432
55	12459	0.0	3	8535 2588 907 429
56	11602	0.0	3	7800 2559 844 399
57	10598	0.0	3	7345 2169 729 355
58	9563	0.0	3	6500 2065 671 327
59	8540	0.0	3	5761 1793 681 305
60	7750	0.0	3	5306 1617 551 276
61	7011	0.0	3	4734 1535 493 249
62	6468	0.0	3	4369 1382 491 226
63	5978	0.0	3	4404 1061 360 153
64	5323	0.0	3	3845 1022 320 136
65	5076	0.0	3	3669 948 310 149
66	4468	0.0	3	3199 870 268 131
67	4029	0.0	3	2815 850 253 111
68	3606	0.0	3	2543 740 218 105
69	3154	0.0	3	2241 588 214 111
70	2989	0.0	3	2070 603 197 119
71	2568	0.0	3	1774 530 171 93
72	2269	0.0	3	1553 495 151 70
73	2157	0.0	3	1512 420 157 68
74	1904	0.0	3	1333 357 141 73
75	1723	0.0	3	1186 342 147 48
76	1625	0.0	3	1191 302 97 35
77	1428	0.0	3	1040 267 75 46
78	1258	0.0	3	936 217 72 33
79	1134	0.0	3	840 192 71 31
80	973	0.0	3	718 181 46 28
81	888	0.0	3	637 179 47 25
82	823	0.0	3	587 157 54 25
83	735	0.0	3	501 154 57 23
84	732	0.0	3	547 126 41 18
85	654	0.0	3	471 118 41 24
86	570	0.0	3	403 117 36 14
87	504	0.0	3	348 105 36 15
88	496	0.0	3	345 102 36 13
89	449	0.0	3	322 88 27 12
90	405	0.0	3	281 88 25 11
91	380	0.0	3	269 76 23 12
92	333	0.0	3	236 56 22 19
93	287	0.0	3	212 52 16 7
94	251	0.0	3	175 47 21 8
95	249	0.0	3	168 58 15 8
96	205	0.0	3	143 39 14 9
97	202	0.0	3	140 49 7 6
98	212	0.0	3	144 49 10 9
99	204	0.0	3	154 30 8 12
100	185	0.0	3	123 43 16 3
101	142	0.0	3	89 33 13 7
102	133	0.0	3	85 35 8 5
103	114	0.0	3	89 16 8 1
104	118	0.0	3	90 13 13 2
105	96	0.0	3	73 9 7 7
106	85	0.0	3	64 13 7 1
107	84	0.0	3	61 12 8 3
108	80	0.0	3	52 18 6 4
109	62	0.0	3	44 15 2 1
110	61	0.0	3	44 9 4 4
111	61	0.0	3	40 14 6 1
112	60	0.0	3	36 17 5 2
113	41	0.0	3	30 6 4 1
114	46	0.0	3	32 10 2 2
115	47	0.0	3	35 9 3
116	35	0.0	3	23 8 2 2
117	35	0.0	3	23 6 5 1
118	34	0.0	3	23 5 5 1
119	20	0.0	3	12 5 1 2
120	23	0.0	3	16 4 1 2
121	17	0.0	3	10 4 1 2
122	22	0.0	3	17 4 1
123	22	0.0	3	21 0 1
124	14	0.0	3	9 4 1
125	15	0.0	3	11 4
126	16	0.0	3	14 0 1 1
127	9	0.0	3	8 1
128	9	0.0	3	8 1
129	15	0.0	3	9 4 2
130	11	0.0	3	8 2 1
131	7	0.0	3	5 1 1
132	9	0.0	3	8 1
133	7	0.0	3	5 1 1
134	6	0.0	3	6
135	7	0.0	3	4 3
136	5	0.0	3	3 1 0 1
137	1	0.0	3	1
138	5	0.0	3	3 1 0 1
139	6	0.0	3	5 1
141	1	0.0	3	0 1
142	2	0.0	3	2
144	3	0.0	3	2 1
145	1	0.0	3	0 1
147	1	0.0	3	1
148	1	0.0	3	1
151	2	0.0	3	2
