This is cutadapt 4.9 with Python 3.12.7
Command line parameters: -m 31 -a AGATCGGAAGAGCACACGTCTGAACTCCAGTCA -A AGATCGGAAGAGCGTCGTGTAGGGAAAGAGTGT -o A958_s1 -p A958_s2 FASTQ/A958_1.fastq.gz FASTQ/A958_2.fastq.gz
Processing paired-end reads on 1 core ...
Finished in 261.118 s (10.633 µs/read; 5.64 M reads/minute).

=== Summary ===

Total read pairs processed:         24,557,882
  Read 1 with adapter:               6,361,183 (25.9%)
  Read 2 with adapter:               6,391,038 (26.0%)

== Read fate breakdown ==
Pairs that were too short:               3,483 (0.0%)
Pairs written (passing filters):    24,554,399 (100.0%)

Total basepairs processed: 7,416,480,364 bp
  Read 1: 3,708,240,182 bp
  Read 2: 3,708,240,182 bp
Total written (filtered):  7,142,389,185 bp (96.3%)
  Read 1: 3,569,486,116 bp
  Read 2: 3,572,903,069 bp

=== First read: Adapter 1 ===

Sequence: AGATCGGAAGAGCACACGTCTGAACTCCAGTCA; Type: regular 3'; Length: 33; Trimmed: 6361183 times

Minimum overlap: 3
No. of allowed errors:
1-9 bp: 0; 10-19 bp: 1; 20-29 bp: 2; 30-33 bp: 3

Bases preceding removed adapters:
  A: 13.5%
  C: 29.5%
  G: 38.9%
  T: 18.1%
  none/other: 0.1%

Overview of removed sequences
length	count	expect	max.err	error counts
3	550495	383716.9	0	550495
4	245022	95929.2	0	245022
5	191489	23982.3	0	191489
6	176366	5995.6	0	176366
7	171791	1498.9	0	171791
8	170843	374.7	0	170843
9	171420	93.7	0	170622 798
10	171832	23.4	1	166967 4865
11	169116	5.9	1	164801 4315
12	165530	1.5	1	160794 4736
13	163746	0.4	1	158965 4781
14	162535	0.1	1	157469 5066
15	161101	0.0	1	155616 5485
16	156611	0.0	1	150819 5792
17	153630	0.0	1	147636 5994
18	153325	0.0	1	146644 6594 87
19	149373	0.0	1	142266 6860 247
20	147441	0.0	2	139188 7405 848
21	144845	0.0	2	135990 8003 852
22	139429	0.0	2	130507 8004 918
23	134883	0.0	2	126265 7673 945
24	133356	0.0	2	124255 8103 998
25	127329	0.0	2	118000 8233 1096
26	120963	0.0	2	111254 8650 1059
27	121446	0.0	2	111726 8557 1132 31
28	115054	0.0	2	104663 9237 1111 43
29	112845	0.0	2	102254 9383 1137 71
30	110364	0.0	3	99304 9598 1170 292
31	103362	0.0	3	92828 9144 1113 277
32	100599	0.0	3	90166 9066 1075 292
33	98085	0.0	3	87551 9057 1184 293
34	93417	0.0	3	83701 8355 1068 293
35	87769	0.0	3	78606 7914 995 254
36	83630	0.0	3	74908 7530 951 241
37	78176	0.0	3	69974 7047 919 236
38	75713	0.0	3	67872 6759 848 234
39	71352	0.0	3	63976 6402 798 176
40	66995	0.0	3	60040 6008 752 195
41	62596	0.0	3	56144 5548 693 211
42	58859	0.0	3	52819 5264 606 170
43	56198	0.0	3	50486 4993 568 151
44	52975	0.0	3	47626 4654 550 145
45	49097	0.0	3	44129 4291 544 133
46	44506	0.0	3	40042 3923 427 114
47	41366	0.0	3	37163 3701 385 117
48	38439	0.0	3	34687 3285 354 113
49	35260	0.0	3	31757 3092 322 89
50	32860	0.0	3	29699 2729 332 100
51	30050	0.0	3	27118 2563 293 76
52	28324	0.0	3	25398 2531 293 102
53	25659	0.0	3	23138 2196 240 85
54	23924	0.0	3	21603 2030 219 72
55	21358	0.0	3	19317 1776 200 65
56	20047	0.0	3	18090 1695 195 67
57	18072	0.0	3	16284 1556 169 63
58	16001	0.0	3	14442 1381 143 35
59	14526	0.0	3	13100 1210 167 49
60	12963	0.0	3	11626 1185 109 43
61	12012	0.0	3	10845 1022 110 35
62	10836	0.0	3	9756 941 97 42
63	9976	0.0	3	9018 830 88 40
64	8846	0.0	3	7997 723 77 49
65	8133	0.0	3	7367 656 61 49
66	7254	0.0	3	6520 610 81 43
67	6432	0.0	3	5775 562 56 39
68	5700	0.0	3	5167 454 56 23
69	5221	0.0	3	4719 435 49 18
70	4600	0.0	3	4186 353 43 18
71	4191	0.0	3	3792 342 38 19
72	3666	0.0	3	3305 322 26 13
73	3329	0.0	3	3015 273 27 14
74	3087	0.0	3	2757 278 31 21
75	2829	0.0	3	2562 230 26 11
76	2500	0.0	3	2214 233 26 27
77	2208	0.0	3	1955 214 21 18
78	2135	0.0	3	1888 183 22 42
79	1766	0.0	3	1570 160 19 17
80	1577	0.0	3	1413 132 15 17
81	1430	0.0	3	1266 126 14 24
82	1287	0.0	3	1161 97 13 16
83	1236	0.0	3	1093 94 15 34
84	1072	0.0	3	945 103 15 9
85	1026	0.0	3	914 90 7 15
86	986	0.0	3	878 87 9 12
87	852	0.0	3	753 64 13 22
88	835	0.0	3	721 65 10 39
89	667	0.0	3	596 52 8 11
90	668	0.0	3	574 50 10 34
91	610	0.0	3	529 66 7 8
92	549	0.0	3	481 49 11 8
93	518	0.0	3	445 55 8 10
94	468	0.0	3	394 52 10 12
95	387	0.0	3	308 44 11 24
96	449	0.0	3	315 22 11 101
97	423	0.0	3	327 34 10 52
98	360	0.0	3	308 26 10 16
99	370	0.0	3	309 33 13 15
100	306	0.0	3	257 30 7 12
101	262	0.0	3	224 26 10 2
102	248	0.0	3	210 22 10 6
103	221	0.0	3	189 16 7 9
104	221	0.0	3	173 21 8 19
105	168	0.0	3	127 29 2 10
106	177	0.0	3	142 22 2 11
107	133	0.0	3	106 16 3 8
108	142	0.0	3	105 16 4 17
109	137	0.0	3	106 16 4 11
110	124	0.0	3	95 13 5 11
111	89	0.0	3	75 7 2 5
112	117	0.0	3	78 12 7 20
113	112	0.0	3	81 15 4 12
114	63	0.0	3	40 11 2 10
115	67	0.0	3	55 4 1 7
116	66	0.0	3	42 11 1 12
117	56	0.0	3	39 7 2 8
118	58	0.0	3	41 4 5 8
119	39	0.0	3	22 5 3 9
120	48	0.0	3	23 5 4 16
121	32	0.0	3	18 2 1 11
122	41	0.0	3	12 3 6 20
123	60	0.0	3	19 6 6 29
124	103	0.0	3	8 3 6 86
125	83	0.0	3	12 7 5 59
126	62	0.0	3	15 7 4 36
127	39	0.0	3	10 9 2 18
128	31	0.0	3	12 3 5 11
129	20	0.0	3	6 4 4 6
130	26	0.0	3	7 0 0 19
131	34	0.0	3	14 10 1 9
132	40	0.0	3	11 8 3 18
133	30	0.0	3	6 6 1 17
134	35	0.0	3	4 2 4 25
135	16	0.0	3	6 0 1 9
136	18	0.0	3	6 1 2 9
137	61	0.0	3	6 2 2 51
138	29	0.0	3	4 2 3 20
139	39	0.0	3	4 1 1 33
140	13	0.0	3	1 1 0 11
141	16	0.0	3	3 3 2 8
142	26	0.0	3	2 1 5 18
143	6	0.0	3	1 0 0 5
144	22	0.0	3	1 0 2 19
145	5	0.0	3	2 0 1 2
146	12	0.0	3	2 0 2 8
147	9	0.0	3	2 0 1 6
148	4	0.0	3	0 1 1 2
149	15	0.0	3	0 0 2 13
150	8	0.0	3	1 0 1 6
151	2545	0.0	3	2 2265 242 36


=== Second read: Adapter 2 ===

Sequence: AGATCGGAAGAGCGTCGTGTAGGGAAAGAGTGT; Type: regular 3'; Length: 33; Trimmed: 6391038 times

Minimum overlap: 3
No. of allowed errors:
1-9 bp: 0; 10-19 bp: 1; 20-29 bp: 2; 30-33 bp: 3

Bases preceding removed adapters:
  A: 12.0%
  C: 36.0%
  G: 43.5%
  T: 8.4%
  none/other: 0.0%

Overview of removed sequences
length	count	expect	max.err	error counts
3	654860	383716.9	0	654860
4	265884	95929.2	0	265884
5	201318	23982.3	0	201318
6	177265	5995.6	0	177265
7	172007	1498.9	0	172007
8	170921	374.7	0	170921
9	171886	93.7	0	170959 927
10	171928	23.4	1	167355 4573
11	168961	5.9	1	165060 3901
12	165183	1.5	1	161282 3901
13	162919	0.4	1	157860 5059
14	162045	0.1	1	157759 4286
15	160453	0.0	1	155830 4623
16	155928	0.0	1	150799 5129
17	152994	0.0	1	147256 5738
18	152865	0.0	1	146964 5839 62
19	148809	0.0	1	142256 6327 226
20	146622	0.0	2	120164 24845 1613
21	143377	0.0	2	99955 35976 7446
22	138289	0.0	2	117073 16837 4379
23	133644	0.0	2	110157 18420 5067
24	132109	0.0	2	108034 18691 5384
25	123760	0.0	2	93161 24345 6254
26	117427	0.0	2	90324 21165 5938
27	117656	0.0	2	90463 21054 6085 54
28	110724	0.0	2	71117 32806 6741 60
29	107421	0.0	2	74503 24505 7729 684
30	106037	0.0	3	72284 22702 7737 3314
31	99285	0.0	3	66435 21880 7292 3678
32	97087	0.0	3	65984 21220 6809 3074
33	93374	0.0	3	64159 19780 6366 3069
34	89596	0.0	3	60932 19593 6140 2931
35	84116	0.0	3	57726 18130 5762 2498
36	79930	0.0	3	54351 17574 5506 2499
37	74966	0.0	3	51459 16080 5051 2376
38	72938	0.0	3	50780 15222 4667 2269
39	68485	0.0	3	45841 15256 5039 2349
40	64203	0.0	3	43282 14482 4417 2022
41	60771	0.0	3	44002 11896 3391 1482
42	56519	0.0	3	37833 12664 4094 1928
43	54435	0.0	3	39178 10761 3163 1333
44	50887	0.0	3	35137 10809 3433 1508
45	47005	0.0	3	31959 10255 3248 1543
46	42980	0.0	3	28511 9855 3222 1392
47	39583	0.0	3	27719 8248 2409 1207
48	36734	0.0	3	25534 7729 2378 1093
49	33965	0.0	3	23404 7287 2236 1038
50	31421	0.0	3	20705 7236 2409 1071
51	28592	0.0	3	19086 6422 2102 982
52	27257	0.0	3	19733 5285 1564 675
53	24555	0.0	3	16387 5449 1805 914
54	22971	0.0	3	15347 5234 1658 732
55	20410	0.0	3	13558 4649 1495 708
56	19162	0.0	3	12652 4370 1510 630
57	17296	0.0	3	11558 3872 1303 563
58	15279	0.0	3	10222 3425 1125 507
59	13863	0.0	3	9153 3171 1032 507
60	12394	0.0	3	8210 2812 918 454
61	11528	0.0	3	7699 2599 827 403
62	10379	0.0	3	6976 2323 752 328
63	9635	0.0	3	6920 1894 566 255
64	8544	0.0	3	6060 1700 547 237
65	7770	0.0	3	5618 1499 422 231
66	6974	0.0	3	4960 1376 422 216
67	6199	0.0	3	4355 1256 396 192
68	5447	0.0	3	3791 1143 350 163
69	4973	0.0	3	3360 1084 346 183
70	4377	0.0	3	3002 924 283 168
71	4038	0.0	3	2799 863 273 103
72	3489	0.0	3	2357 773 246 113
73	3201	0.0	3	2136 723 234 108
74	2941	0.0	3	2030 623 199 89
75	2708	0.0	3	1847 605 175 81
76	2392	0.0	3	1744 440 134 74
77	2110	0.0	3	1579 343 113 75
78	2022	0.0	3	1469 363 126 64
79	1700	0.0	3	1223 319 109 49
80	1497	0.0	3	1061 293 105 38
81	1351	0.0	3	971 264 78 38
82	1233	0.0	3	854 265 83 31
83	1159	0.0	3	812 248 62 37
84	1021	0.0	3	711 229 54 27
85	966	0.0	3	675 213 46 32
86	942	0.0	3	670 184 59 29
87	791	0.0	3	554 173 41 23
88	758	0.0	3	545 148 39 26
89	633	0.0	3	453 133 37 10
90	602	0.0	3	415 129 43 15
91	578	0.0	3	394 117 47 20
92	508	0.0	3	373 80 39 16
93	483	0.0	3	340 104 24 15
94	433	0.0	3	300 89 31 13
95	329	0.0	3	225 64 35 5
96	323	0.0	3	224 63 28 8
97	347	0.0	3	257 59 24 7
98	328	0.0	3	219 66 31 12
99	338	0.0	3	232 67 24 15
100	275	0.0	3	196 64 10 5
101	241	0.0	3	162 51 19 9
102	217	0.0	3	152 45 11 9
103	199	0.0	3	151 29 11 8
104	192	0.0	3	134 39 13 6
105	144	0.0	3	88 36 15 5
106	156	0.0	3	115 29 6 6
107	114	0.0	3	86 20 4 4
108	117	0.0	3	78 29 7 3
109	118	0.0	3	86 21 6 5
110	106	0.0	3	75 17 10 4
111	80	0.0	3	57 15 4 4
112	89	0.0	3	64 18 4 3
113	88	0.0	3	59 19 7 3
114	41	0.0	3	32 6 2 1
115	59	0.0	3	40 15 4
116	46	0.0	3	35 7 3 1
117	43	0.0	3	32 8 3
118	40	0.0	3	24 9 6 1
119	26	0.0	3	20 5 0 1
120	26	0.0	3	16 6 3 1
121	18	0.0	3	14 2 2
122	13	0.0	3	8 3 2
123	20	0.0	3	13 6 0 1
124	10	0.0	3	6 2 2
125	15	0.0	3	12 3
126	16	0.0	3	9 5 1 1
127	13	0.0	3	8 3 2
128	14	0.0	3	10 3 0 1
129	8	0.0	3	6 1 1
130	8	0.0	3	6 2
131	16	0.0	3	14 1 1
132	12	0.0	3	8 3 0 1
133	10	0.0	3	6 2 2
134	5	0.0	3	3 2
135	6	0.0	3	5 1
136	5	0.0	3	2 2 1
137	6	0.0	3	4 1 1
138	5	0.0	3	3 2
139	4	0.0	3	3 1
140	2	0.0	3	1 1
141	2	0.0	3	2
142	2	0.0	3	1 1
143	1	0.0	3	1
144	1	0.0	3	1
145	2	0.0	3	1 1
146	2	0.0	3	2
147	2	0.0	3	2
148	1	0.0	3	1
150	1	0.0	3	1
151	3	0.0	3	0 3
