This is cutadapt 4.9 with Python 3.12.7
Command line parameters: -m 31 -a AGATCGGAAGAGCACACGTCTGAACTCCAGTCA -A AGATCGGAAGAGCGTCGTGTAGGGAAAGAGTGT -o A989_s1 -p A989_s2 FASTQ/A989_1.fastq.gz FASTQ/A989_2.fastq.gz
Processing paired-end reads on 1 core ...
Finished in 243.622 s (9.862 µs/read; 6.08 M reads/minute).

=== Summary ===

Total read pairs processed:         24,703,917
  Read 1 with adapter:               5,308,948 (21.5%)
  Read 2 with adapter:               5,367,290 (21.7%)

== Read fate breakdown ==
Pairs that were too short:               7,742 (0.0%)
Pairs written (passing filters):    24,696,175 (100.0%)

Total basepairs processed: 7,460,582,934 bp
  Read 1: 3,730,291,467 bp
  Read 2: 3,730,291,467 bp
Total written (filtered):  7,240,747,600 bp (97.1%)
  Read 1: 3,619,171,169 bp
  Read 2: 3,621,576,431 bp

=== First read: Adapter 1 ===

Sequence: AGATCGGAAGAGCACACGTCTGAACTCCAGTCA; Type: regular 3'; Length: 33; Trimmed: 5308948 times

Minimum overlap: 3
No. of allowed errors:
1-9 bp: 0; 10-19 bp: 1; 20-29 bp: 2; 30-33 bp: 3

Bases preceding removed adapters:
  A: 12.2%
  C: 33.4%
  G: 35.5%
  T: 18.8%
  none/other: 0.2%

Overview of removed sequences
length	count	expect	max.err	error counts
3	548012	385998.7	0	548012
4	227290	96499.7	0	227290
5	165137	24124.9	0	165137
6	150132	6031.2	0	150132
7	146111	1507.8	0	146111
8	143760	377.0	0	143760
9	144603	94.2	0	143925 678
10	145105	23.6	1	140837 4268
11	142299	5.9	1	138409 3890
12	139905	1.5	1	135778 4127
13	136687	0.4	1	132685 4002
14	135588	0.1	1	131377 4211
15	134673	0.0	1	130238 4435
16	130175	0.0	1	125542 4633
17	127352	0.0	1	122319 5033
18	127294	0.0	1	121897 5327 70
19	122778	0.0	1	117253 5359 166
20	121461	0.0	2	115189 5626 646
21	119318	0.0	2	112682 5908 728
22	114375	0.0	2	107556 6093 726
23	111355	0.0	2	104700 5929 726
24	108114	0.0	2	101276 6081 757
25	103295	0.0	2	96266 6271 758
26	99337	0.0	2	91987 6542 808
27	98848	0.0	2	91465 6489 880 14
28	93551	0.0	2	85752 6872 890 37
29	90707	0.0	2	82639 7160 863 45
30	88888	0.0	3	80638 7149 895 206
31	83066	0.0	3	75162 6905 794 205
32	79710	0.0	3	71896 6800 813 201
33	78542	0.0	3	70662 6774 849 257
34	75726	0.0	3	68379 6328 802 217
35	70074	0.0	3	63092 6023 754 205
36	66077	0.0	3	59520 5652 707 198
37	61557	0.0	3	55365 5376 614 202
38	59478	0.0	3	53666 5037 611 164
39	55434	0.0	3	49961 4723 604 146
40	52786	0.0	3	47697 4420 514 155
41	49052	0.0	3	44347 4042 502 161
42	46033	0.0	3	41634 3832 435 132
43	43267	0.0	3	39184 3566 406 111
44	40578	0.0	3	36672 3425 375 106
45	38426	0.0	3	34815 3176 345 90
46	34363	0.0	3	31100 2878 292 93
47	31373	0.0	3	28408 2599 271 95
48	29705	0.0	3	26906 2421 287 91
49	26824	0.0	3	24311 2187 262 64
50	24736	0.0	3	22470 1982 214 70
51	22897	0.0	3	20779 1846 202 70
52	21529	0.0	3	19476 1807 165 81
53	19158	0.0	3	17443 1502 171 42
54	17415	0.0	3	15797 1421 153 44
55	15680	0.0	3	14235 1260 133 52
56	14317	0.0	3	12998 1153 128 38
57	13137	0.0	3	11930 1067 109 31
58	11550	0.0	3	10494 921 93 42
59	10731	0.0	3	9735 880 78 38
60	9422	0.0	3	8577 723 78 44
61	8472	0.0	3	7661 711 69 31
62	7307	0.0	3	6668 558 47 34
63	7018	0.0	3	6393 541 61 23
64	6227	0.0	3	5653 493 45 36
65	5516	0.0	3	4962 460 61 33
66	5046	0.0	3	4552 428 40 26
67	4421	0.0	3	3998 356 34 33
68	3933	0.0	3	3553 323 36 21
69	3624	0.0	3	3300 282 30 12
70	3095	0.0	3	2836 229 19 11
71	2698	0.0	3	2439 219 23 17
72	2464	0.0	3	2215 216 23 10
73	2191	0.0	3	1990 170 20 11
74	1985	0.0	3	1778 179 20 8
75	1804	0.0	3	1626 158 6 14
76	1581	0.0	3	1404 146 19 12
77	1495	0.0	3	1339 127 18 11
78	1234	0.0	3	1081 115 14 24
79	1144	0.0	3	1032 84 9 19
80	995	0.0	3	893 70 11 21
81	913	0.0	3	820 66 11 16
82	797	0.0	3	719 56 9 13
83	739	0.0	3	652 47 6 34
84	682	0.0	3	603 58 4 17
85	600	0.0	3	530 47 8 15
86	616	0.0	3	544 51 10 11
87	501	0.0	3	451 36 7 7
88	504	0.0	3	421 28 8 47
89	404	0.0	3	359 38 6 1
90	418	0.0	3	351 29 8 30
91	337	0.0	3	298 32 2 5
92	332	0.0	3	297 25 7 3
93	311	0.0	3	268 28 3 12
94	264	0.0	3	215 26 8 15
95	256	0.0	3	212 20 3 21
96	249	0.0	3	162 21 4 62
97	226	0.0	3	173 18 4 31
98	180	0.0	3	153 17 3 7
99	199	0.0	3	176 11 4 8
100	160	0.0	3	140 10 1 9
101	156	0.0	3	140 11 3 2
102	130	0.0	3	105 19 1 5
103	143	0.0	3	117 14 9 3
104	116	0.0	3	83 17 7 9
105	105	0.0	3	77 10 4 14
106	81	0.0	3	66 4 0 11
107	77	0.0	3	54 18 1 4
108	77	0.0	3	60 7 3 7
109	71	0.0	3	52 7 1 11
110	76	0.0	3	60 7 3 6
111	55	0.0	3	47 5 1 2
112	63	0.0	3	35 5 3 20
113	60	0.0	3	38 6 5 11
114	44	0.0	3	35 5 2 2
115	45	0.0	3	33 6 2 4
116	44	0.0	3	33 5 1 5
117	41	0.0	3	24 7 1 9
118	29	0.0	3	17 8 1 3
119	29	0.0	3	19 1 2 7
120	37	0.0	3	14 5 3 15
121	24	0.0	3	7 4 1 12
122	30	0.0	3	12 0 5 13
123	42	0.0	3	12 3 7 20
124	77	0.0	3	11 6 11 49
125	55	0.0	3	10 3 3 39
126	47	0.0	3	7 4 1 35
127	29	0.0	3	13 2 2 12
128	29	0.0	3	7 0 12 10
129	23	0.0	3	9 3 2 9
130	20	0.0	3	9 1 3 7
131	18	0.0	3	7 5 0 6
132	26	0.0	3	4 6 4 12
133	13	0.0	3	2 2 2 7
134	42	0.0	3	8 4 8 22
135	19	0.0	3	5 3 1 10
136	18	0.0	3	7 2 2 7
137	30	0.0	3	4 4 2 20
138	22	0.0	3	4 2 2 14
139	28	0.0	3	2 2 3 21
140	7	0.0	3	1 0 2 4
141	8	0.0	3	2 1 0 5
142	18	0.0	3	2 0 2 14
143	10	0.0	3	1 0 1 8
144	19	0.0	3	0 1 5 13
145	9	0.0	3	1 0 1 7
146	10	0.0	3	0 1 3 6
147	1	0.0	3	0 0 0 1
148	8	0.0	3	3 1 0 4
149	9	0.0	3	1 0 2 6
150	8	0.0	3	0 0 2 6
151	7039	0.0	3	0 6316 674 49


=== Second read: Adapter 2 ===

Sequence: AGATCGGAAGAGCGTCGTGTAGGGAAAGAGTGT; Type: regular 3'; Length: 33; Trimmed: 5367290 times

Minimum overlap: 3
No. of allowed errors:
1-9 bp: 0; 10-19 bp: 1; 20-29 bp: 2; 30-33 bp: 3

Bases preceding removed adapters:
  A: 11.4%
  C: 39.0%
  G: 40.4%
  T: 9.2%
  none/other: 0.0%

Overview of removed sequences
length	count	expect	max.err	error counts
3	661101	385998.7	0	661101
4	247351	96499.7	0	247351
5	176947	24124.9	0	176947
6	151026	6031.2	0	151026
7	146069	1507.8	0	146069
8	143870	377.0	0	143870
9	144767	94.2	0	143370 1397
10	144858	23.6	1	140099 4759
11	141973	5.9	1	137527 4446
12	139289	1.5	1	135076 4213
13	135769	0.4	1	130582 5187
14	134755	0.1	1	130205 4550
15	133823	0.0	1	128944 4879
16	129402	0.0	1	124081 5321
17	126562	0.0	1	120811 5751
18	126639	0.0	1	120552 5999 88
19	121991	0.0	1	115618 6138 235
20	120611	0.0	2	108139 11290 1182
21	118079	0.0	2	85496 28816 3767
22	113314	0.0	2	95952 14721 2641
23	110238	0.0	2	90620 16733 2885
24	106873	0.0	2	87274 16355 3244
25	101007	0.0	2	77925 18746 4336
26	96956	0.0	2	75345 17285 4326
27	96128	0.0	2	74676 17090 4321 41
28	90473	0.0	2	55205 29662 5543 63
29	86805	0.0	2	59319 20621 6355 510
30	85545	0.0	3	57715 19312 6085 2433
31	80112	0.0	3	52999 18480 5815 2818
32	77028	0.0	3	51576 17513 5509 2430
33	75034	0.0	3	51261 16480 4971 2322
34	72810	0.0	3	49267 16256 5086 2201
35	67329	0.0	3	45773 14964 4563 2029
36	63249	0.0	3	42635 14275 4395 1944
37	59123	0.0	3	40465 12982 3921 1755
38	57343	0.0	3	39461 12584 3710 1588
39	53289	0.0	3	35339 12439 3752 1759
40	50636	0.0	3	34146 11420 3529 1541
41	47613	0.0	3	34177 9649 2688 1099
42	44288	0.0	3	29141 10204 3355 1588
43	41935	0.0	3	30048 8437 2396 1054
44	38960	0.0	3	26657 8560 2576 1167
45	36907	0.0	3	25006 8206 2546 1149
46	33253	0.0	3	21929 7959 2358 1007
47	30141	0.0	3	20951 6480 1863 847
48	28376	0.0	3	19687 6024 1853 812
49	25859	0.0	3	17824 5671 1675 689
50	23686	0.0	3	15824 5395 1705 762
51	21865	0.0	3	14653 5058 1510 644
52	20772	0.0	3	15052 4046 1173 501
53	18358	0.0	3	12046 4265 1414 633
54	16735	0.0	3	11247 3871 1137 480
55	15016	0.0	3	9975 3452 1065 524
56	13749	0.0	3	9142 3164 972 471
57	12631	0.0	3	8596 2833 865 337
58	11041	0.0	3	7388 2601 716 336
59	10225	0.0	3	6799 2358 742 326
60	8993	0.0	3	6065 2038 607 283
61	8124	0.0	3	5481 1789 567 287
62	6994	0.0	3	4666 1638 467 223
63	6794	0.0	3	4949 1307 380 158
64	6020	0.0	3	4303 1226 355 136
65	5276	0.0	3	3730 1063 326 157
66	4880	0.0	3	3487 980 286 127
67	4262	0.0	3	3005 907 247 103
68	3779	0.0	3	2652 801 224 102
69	3460	0.0	3	2325 792 238 105
70	2975	0.0	3	2049 643 202 81
71	2592	0.0	3	1787 551 184 70
72	2356	0.0	3	1596 524 166 70
73	2090	0.0	3	1413 498 125 54
74	1900	0.0	3	1315 415 108 62
75	1728	0.0	3	1207 384 95 42
76	1514	0.0	3	1124 272 83 35
77	1429	0.0	3	1059 253 80 37
78	1159	0.0	3	838 227 68 26
79	1086	0.0	3	797 199 60 30
80	938	0.0	3	690 172 55 21
81	866	0.0	3	595 201 50 20
82	748	0.0	3	546 140 42 20
83	679	0.0	3	480 152 34 13
84	645	0.0	3	461 134 35 15
85	562	0.0	3	390 121 35 16
86	581	0.0	3	416 113 38 14
87	485	0.0	3	338 105 33 9
88	442	0.0	3	331 83 20 8
89	387	0.0	3	252 78 40 17
90	370	0.0	3	248 88 23 11
91	322	0.0	3	228 69 18 7
92	312	0.0	3	222 67 19 4
93	277	0.0	3	186 64 19 8
94	231	0.0	3	167 47 9 8
95	223	0.0	3	153 47 18 5
96	174	0.0	3	122 33 12 7
97	186	0.0	3	127 45 9 5
98	159	0.0	3	121 29 6 3
99	185	0.0	3	122 43 12 8
100	141	0.0	3	108 27 2 4
101	148	0.0	3	100 29 10 9
102	118	0.0	3	82 29 6 1
103	118	0.0	3	86 23 6 3
104	95	0.0	3	69 20 4 2
105	81	0.0	3	60 15 5 1
106	70	0.0	3	51 12 6 1
107	60	0.0	3	39 16 3 2
108	69	0.0	3	44 17 6 2
109	54	0.0	3	38 13 2 1
110	69	0.0	3	54 12 2 1
111	49	0.0	3	37 10 1 1
112	40	0.0	3	28 6 4 2
113	42	0.0	3	29 9 3 1
114	36	0.0	3	25 7 4
115	38	0.0	3	28 9 0 1
116	37	0.0	3	20 10 6 1
117	24	0.0	3	20 2 2
118	24	0.0	3	16 4 2 2
119	18	0.0	3	13 5
120	19	0.0	3	13 5 1
121	8	0.0	3	6 2
122	12	0.0	3	10 0 1 1
123	13	0.0	3	10 1 1 1
124	15	0.0	3	8 5 1 1
125	10	0.0	3	9 0 0 1
126	12	0.0	3	10 1 1
127	14	0.0	3	9 3 1 1
128	9	0.0	3	5 2 1 1
129	9	0.0	3	4 5
130	10	0.0	3	5 4 1
131	7	0.0	3	5 2
132	4	0.0	3	3 1
133	3	0.0	3	2 1
134	9	0.0	3	7 2
135	5	0.0	3	3 2
136	8	0.0	3	4 3 1
137	5	0.0	3	5
138	4	0.0	3	3 1
139	3	0.0	3	2 1
140	1	0.0	3	1
141	3	0.0	3	1 2
142	2	0.0	3	1 1
143	1	0.0	3	0 1
145	1	0.0	3	1
148	4	0.0	3	2 2
149	1	0.0	3	0 1
