This is cutadapt 4.9 with Python 3.12.7
Command line parameters: -m 31 -a AGATCGGAAGAGCACACGTCTGAACTCCAGTCA -A AGATCGGAAGAGCGTCGTGTAGGGAAAGAGTGT -o A990_s1 -p A990_s2 FASTQ/A990_1.fastq.gz FASTQ/A990_2.fastq.gz
Processing paired-end reads on 1 core ...
Finished in 282.407 s (10.449 µs/read; 5.74 M reads/minute).

=== Summary ===

Total read pairs processed:         27,025,953
  Read 1 with adapter:               6,924,446 (25.6%)
  Read 2 with adapter:               6,921,676 (25.6%)

== Read fate breakdown ==
Pairs that were too short:              10,604 (0.0%)
Pairs written (passing filters):    27,015,349 (100.0%)

Total basepairs processed: 8,161,837,806 bp
  Read 1: 4,080,918,903 bp
  Read 2: 4,080,918,903 bp
Total written (filtered):  7,861,584,740 bp (96.3%)
  Read 1: 3,928,625,350 bp
  Read 2: 3,932,959,390 bp

=== First read: Adapter 1 ===

Sequence: AGATCGGAAGAGCACACGTCTGAACTCCAGTCA; Type: regular 3'; Length: 33; Trimmed: 6924446 times

Minimum overlap: 3
No. of allowed errors:
1-9 bp: 0; 10-19 bp: 1; 20-29 bp: 2; 30-33 bp: 3

Bases preceding removed adapters:
  A: 12.3%
  C: 33.1%
  G: 36.2%
  T: 18.3%
  none/other: 0.2%

Overview of removed sequences
length	count	expect	max.err	error counts
3	599562	422280.5	0	599562
4	261174	105570.1	0	261174
5	205007	26392.5	0	205007
6	190660	6598.1	0	190660
7	184294	1649.5	0	184294
8	182921	412.4	0	182921
9	183623	103.1	0	182783 840
10	185237	25.8	1	179541 5696
11	183524	6.4	1	178431 5093
12	178416	1.6	1	173091 5325
13	175883	0.4	1	170530 5353
14	176659	0.1	1	170814 5845
15	174849	0.0	1	168720 6129
16	169846	0.0	1	163476 6370
17	166508	0.0	1	159248 7260
18	167249	0.0	1	159782 7386 81
19	161305	0.0	1	153547 7496 262
20	160176	0.0	2	151268 7996 912
21	156758	0.0	2	147677 8071 1010
22	151634	0.0	2	142254 8356 1024
23	148048	0.0	2	139024 8041 983
24	146149	0.0	2	136755 8342 1052
25	139518	0.0	2	130123 8308 1087
26	133082	0.0	2	123406 8555 1121
27	132930	0.0	2	123244 8534 1130 22
28	127905	0.0	2	117410 9252 1210 33
29	123461	0.0	2	112562 9503 1313 83
30	121578	0.0	3	110815 9193 1272 298
31	113457	0.0	3	103184 8751 1178 344
32	110490	0.0	3	100398 8632 1168 292
33	108415	0.0	3	98320 8531 1236 328
34	104246	0.0	3	94686 8166 1103 291
35	97220	0.0	3	88402 7525 1003 290
36	92571	0.0	3	84010 7327 987 247
37	86893	0.0	3	78723 6956 949 265
38	84154	0.0	3	76573 6463 863 255
39	79034	0.0	3	71837 6219 769 209
40	74833	0.0	3	68182 5720 725 206
41	68579	0.0	3	62381 5266 724 208
42	65421	0.0	3	59570 5043 635 173
43	61357	0.0	3	55782 4823 598 154
44	57438	0.0	3	52325 4394 561 158
45	54300	0.0	3	49526 4118 505 151
46	49759	0.0	3	45362 3792 466 139
47	44850	0.0	3	40946 3351 394 159
48	42519	0.0	3	38887 3121 411 100
49	38356	0.0	3	35002 2939 294 121
50	35911	0.0	3	32841 2634 331 105
51	33060	0.0	3	30179 2458 307 116
52	30732	0.0	3	28026 2315 271 120
53	27805	0.0	3	25426 2043 252 84
54	25571	0.0	3	23390 1889 222 70
55	23092	0.0	3	21158 1642 219 73
56	21144	0.0	3	19296 1592 208 48
57	19331	0.0	3	17646 1451 173 61
58	17232	0.0	3	15696 1317 157 62
59	15570	0.0	3	14224 1137 140 69
60	14140	0.0	3	12891 1062 145 42
61	12844	0.0	3	11690 976 113 65
62	11490	0.0	3	10508 809 111 62
63	10505	0.0	3	9671 704 91 39
64	9352	0.0	3	8508 710 88 46
65	8369	0.0	3	7594 663 65 47
66	7806	0.0	3	7036 645 67 58
67	6722	0.0	3	6083 505 66 68
68	6072	0.0	3	5546 437 52 37
69	5385	0.0	3	4973 353 47 12
70	4635	0.0	3	4237 351 30 17
71	4292	0.0	3	3944 291 36 21
72	3822	0.0	3	3467 312 29 14
73	3462	0.0	3	3146 265 34 17
74	3210	0.0	3	2926 240 28 16
75	2854	0.0	3	2593 215 32 14
76	2621	0.0	3	2380 201 17 23
77	2418	0.0	3	2195 179 16 28
78	2143	0.0	3	1909 149 25 60
79	1826	0.0	3	1635 145 20 26
80	1647	0.0	3	1476 126 14 31
81	1458	0.0	3	1287 119 16 36
82	1338	0.0	3	1189 114 19 16
83	1225	0.0	3	1052 79 15 79
84	1079	0.0	3	938 93 15 33
85	952	0.0	3	851 67 9 25
86	971	0.0	3	879 64 10 18
87	843	0.0	3	751 58 14 20
88	845	0.0	3	714 56 14 61
89	714	0.0	3	636 53 10 15
90	701	0.0	3	579 61 7 54
91	611	0.0	3	522 55 17 17
92	560	0.0	3	492 50 9 9
93	470	0.0	3	421 33 10 6
94	436	0.0	3	364 47 9 16
95	408	0.0	3	326 33 9 40
96	512	0.0	3	331 41 5 135
97	397	0.0	3	316 27 7 47
98	321	0.0	3	268 23 6 24
99	347	0.0	3	285 28 10 24
100	283	0.0	3	227 36 10 10
101	266	0.0	3	234 16 6 10
102	207	0.0	3	177 15 7 8
103	183	0.0	3	147 19 13 4
104	177	0.0	3	131 15 7 24
105	164	0.0	3	127 18 6 13
106	161	0.0	3	120 15 6 20
107	155	0.0	3	112 20 10 13
108	132	0.0	3	91 17 11 13
109	127	0.0	3	100 9 3 15
110	128	0.0	3	89 14 3 22
111	124	0.0	3	95 7 3 19
112	121	0.0	3	60 15 7 39
113	74	0.0	3	46 13 1 14
114	78	0.0	3	49 12 4 13
115	74	0.0	3	46 9 3 16
116	63	0.0	3	39 11 5 8
117	59	0.0	3	31 7 0 21
118	55	0.0	3	30 4 0 21
119	56	0.0	3	35 4 7 10
120	59	0.0	3	24 6 6 23
121	56	0.0	3	21 10 5 20
122	51	0.0	3	18 8 4 21
123	70	0.0	3	18 2 7 43
124	138	0.0	3	17 8 4 109
125	110	0.0	3	18 4 8 80
126	77	0.0	3	15 8 3 51
127	45	0.0	3	11 0 2 32
128	60	0.0	3	15 4 13 28
129	32	0.0	3	8 2 6 16
130	42	0.0	3	14 3 2 23
131	38	0.0	3	6 14 1 17
132	52	0.0	3	12 9 1 30
133	23	0.0	3	6 0 1 16
134	43	0.0	3	9 3 1 30
135	22	0.0	3	7 2 4 9
136	32	0.0	3	5 2 7 18
137	80	0.0	3	3 3 2 72
138	31	0.0	3	1 4 2 24
139	48	0.0	3	2 6 0 40
140	22	0.0	3	2 3 2 15
141	25	0.0	3	1 1 5 18
142	47	0.0	3	2 1 4 40
143	16	0.0	3	3 0 5 8
144	30	0.0	3	1 0 3 26
145	14	0.0	3	3 1 4 6
146	18	0.0	3	1 1 4 12
147	11	0.0	3	2 0 2 7
148	16	0.0	3	1 1 1 13
149	14	0.0	3	0 0 4 10
150	8	0.0	3	0 0 2 6
151	9330	0.0	3	0 8448 787 95


=== Second read: Adapter 2 ===

Sequence: AGATCGGAAGAGCGTCGTGTAGGGAAAGAGTGT; Type: regular 3'; Length: 33; Trimmed: 6921676 times

Minimum overlap: 3
No. of allowed errors:
1-9 bp: 0; 10-19 bp: 1; 20-29 bp: 2; 30-33 bp: 3

Bases preceding removed adapters:
  A: 10.8%
  C: 40.2%
  G: 40.4%
  T: 8.7%
  none/other: 0.0%

Overview of removed sequences
length	count	expect	max.err	error counts
3	700527	422280.5	0	700527
4	282312	105570.1	0	282312
5	216716	26392.5	0	216716
6	191704	6598.1	0	191704
7	184555	1649.5	0	184555
8	183404	412.4	0	183404
9	184145	103.1	0	183205 940
10	184861	25.8	1	179994 4867
11	183164	6.4	1	178739 4425
12	177546	1.6	1	173251 4295
13	174865	0.4	1	170116 4749
14	175684	0.1	1	170956 4728
15	174048	0.0	1	168776 5272
16	168932	0.0	1	162981 5951
17	165723	0.0	1	159351 6372
18	166606	0.0	1	159824 6680 102
19	160568	0.0	1	153008 7249 311
20	159141	0.0	2	131880 25694 1567
21	154921	0.0	2	107636 39398 7887
22	150216	0.0	2	126596 18867 4753
23	146478	0.0	2	120729 20300 5449
24	144520	0.0	2	117622 20891 6007
25	135560	0.0	2	103162 25756 6642
26	129174	0.0	2	99498 23087 6589
27	128629	0.0	2	98718 23117 6700 94
28	122880	0.0	2	75039 39909 7782 150
29	117172	0.0	2	80105 27634 8608 825
30	116405	0.0	3	77392 26315 8796 3902
31	108470	0.0	3	67681 25975 9756 5058
32	106133	0.0	3	71742 23312 7582 3497
33	102650	0.0	3	68934 22858 7230 3628
34	99445	0.0	3	66053 22701 7362 3329
35	92687	0.0	3	62304 20915 6466 3002
36	87991	0.0	3	58329 20324 6447 2891
37	82795	0.0	3	55639 18554 5817 2785
38	80611	0.0	3	54903 17757 5434 2517
39	75287	0.0	3	49293 17624 5761 2609
40	71287	0.0	3	47371 16181 5266 2469
41	66247	0.0	3	46805 13698 3988 1756
42	62436	0.0	3	41061 14393 4713 2269
43	59086	0.0	3	41764 12161 3536 1625
44	55012	0.0	3	37097 12307 3873 1735
45	51677	0.0	3	34312 11660 3872 1833
46	47769	0.0	3	31246 11177 3692 1654
47	42792	0.0	3	29250 9334 2786 1422
48	40421	0.0	3	27540 8843 2777 1261
49	36771	0.0	3	24953 8205 2498 1115
50	34115	0.0	3	22273 7941 2636 1265
51	31216	0.0	3	20416 7401 2299 1100
52	29466	0.0	3	20892 5938 1778 858
53	26372	0.0	3	17359 6073 1928 1012
54	24401	0.0	3	16085 5654 1845 817
55	21930	0.0	3	14313 5109 1672 836
56	20098	0.0	3	13088 4731 1547 732
57	18378	0.0	3	12020 4318 1370 670
58	16373	0.0	3	10824 3743 1230 576
59	14717	0.0	3	9553 3413 1196 555
60	13411	0.0	3	8721 3139 1059 492
61	12173	0.0	3	8009 2759 975 430
62	10906	0.0	3	7082 2629 829 366
63	10089	0.0	3	7193 2005 630 261
64	8962	0.0	3	6207 1907 565 283
65	7983	0.0	3	5653 1583 505 242
66	7434	0.0	3	5168 1567 467 232
67	6411	0.0	3	4474 1335 405 197
68	5782	0.0	3	3960 1228 406 188
69	5090	0.0	3	3449 1114 359 168
70	4372	0.0	3	2853 1028 325 166
71	4068	0.0	3	2741 891 284 152
72	3612	0.0	3	2391 828 261 132
73	3266	0.0	3	2191 732 208 135
74	3035	0.0	3	1982 701 236 116
75	2723	0.0	3	1814 626 197 86
76	2510	0.0	3	1800 510 128 72
77	2291	0.0	3	1637 477 124 53
78	2002	0.0	3	1454 388 113 47
79	1725	0.0	3	1226 348 101 50
80	1542	0.0	3	1054 339 109 40
81	1369	0.0	3	929 296 92 52
82	1266	0.0	3	868 251 98 49
83	1093	0.0	3	760 223 74 36
84	1002	0.0	3	697 207 64 34
85	874	0.0	3	611 182 53 28
86	913	0.0	3	626 194 63 30
87	788	0.0	3	562 155 49 22
88	741	0.0	3	525 146 54 16
89	666	0.0	3	449 146 47 24
90	615	0.0	3	416 141 42 16
91	559	0.0	3	365 140 37 17
92	519	0.0	3	347 105 43 24
93	433	0.0	3	284 108 33 8
94	387	0.0	3	269 80 19 19
95	341	0.0	3	228 77 28 8
96	348	0.0	3	236 57 26 29
97	321	0.0	3	217 74 20 10
98	287	0.0	3	197 58 20 12
99	296	0.0	3	200 65 24 7
100	251	0.0	3	182 47 15 7
101	235	0.0	3	154 57 17 7
102	184	0.0	3	132 30 12 10
103	159	0.0	3	110 35 9 5
104	138	0.0	3	97 27 11 3
105	124	0.0	3	78 28 13 5
106	130	0.0	3	83 31 13 3
107	123	0.0	3	90 21 6 6
108	98	0.0	3	74 14 9 1
109	104	0.0	3	77 20 3 4
110	98	0.0	3	78 14 4 2
111	98	0.0	3	67 22 7 2
112	71	0.0	3	47 14 7 3
113	49	0.0	3	30 11 3 5
114	52	0.0	3	36 9 6 1
115	47	0.0	3	33 8 5 1
116	41	0.0	3	32 8 1
117	31	0.0	3	22 7 2
118	31	0.0	3	24 5 1 1
119	39	0.0	3	24 10 3 2
120	31	0.0	3	21 5 5
121	27	0.0	3	21 5 0 1
122	18	0.0	3	12 3 2 1
123	18	0.0	3	10 8
124	21	0.0	3	19 0 2
125	17	0.0	3	12 3 1 1
126	17	0.0	3	12 4 1
127	11	0.0	3	6 5
128	17	0.0	3	11 5 1
129	9	0.0	3	5 4
130	15	0.0	3	11 3 0 1
131	7	0.0	3	6 1
132	11	0.0	3	8 2 1
133	6	0.0	3	5 1
134	9	0.0	3	7 2
135	8	0.0	3	6 1 0 1
136	7	0.0	3	3 1 3
137	5	0.0	3	3 2
138	2	0.0	3	2
139	3	0.0	3	1 1 1
140	2	0.0	3	1 1
141	1	0.0	3	0 1
142	3	0.0	3	2 0 0 1
143	3	0.0	3	3
144	2	0.0	3	0 1 0 1
145	3	0.0	3	2 1
146	2	0.0	3	2
147	2	0.0	3	1 0 1
148	2	0.0	3	1 0 0 1
