This is cutadapt 4.9 with Python 3.12.7
Command line parameters: -m 31 -a AGATCGGAAGAGCACACGTCTGAACTCCAGTCA -A AGATCGGAAGAGCGTCGTGTAGGGAAAGAGTGT -o A991_s1 -p A991_s2 FASTQ/A991_1.fastq.gz FASTQ/A991_2.fastq.gz
Processing paired-end reads on 1 core ...
Finished in 257.453 s (9.843 µs/read; 6.10 M reads/minute).

=== Summary ===

Total read pairs processed:         26,156,670
  Read 1 with adapter:               5,657,391 (21.6%)
  Read 2 with adapter:               5,693,244 (21.8%)

== Read fate breakdown ==
Pairs that were too short:               3,621 (0.0%)
Pairs written (passing filters):    26,153,049 (100.0%)

Total basepairs processed: 7,899,314,340 bp
  Read 1: 3,949,657,170 bp
  Read 2: 3,949,657,170 bp
Total written (filtered):  7,665,947,669 bp (97.0%)
  Read 1: 3,831,234,399 bp
  Read 2: 3,834,713,270 bp

=== First read: Adapter 1 ===

Sequence: AGATCGGAAGAGCACACGTCTGAACTCCAGTCA; Type: regular 3'; Length: 33; Trimmed: 5657391 times

Minimum overlap: 3
No. of allowed errors:
1-9 bp: 0; 10-19 bp: 1; 20-29 bp: 2; 30-33 bp: 3

Bases preceding removed adapters:
  A: 11.3%
  C: 34.6%
  G: 34.7%
  T: 19.4%
  none/other: 0.1%

Overview of removed sequences
length	count	expect	max.err	error counts
3	577204	408698.0	0	577204
4	233168	102174.5	0	233168
5	176301	25543.6	0	176301
6	163051	6385.9	0	163051
7	156507	1596.5	0	156507
8	155336	399.1	0	155336
9	155532	99.8	0	154810 722
10	154903	24.9	1	150046 4857
11	151394	6.2	1	147198 4196
12	149084	1.6	1	144583 4501
13	146272	0.4	1	141689 4583
14	144238	0.1	1	139303 4935
15	143433	0.0	1	138198 5235
16	139035	0.0	1	133787 5248
17	135841	0.0	1	130202 5639
18	135244	0.0	1	129327 5874 43
19	131021	0.0	1	124689 6148 184
20	129528	0.0	2	122317 6443 768
21	126837	0.0	2	119413 6633 791
22	121210	0.0	2	113649 6787 774
23	117488	0.0	2	110131 6544 813
24	115016	0.0	2	107463 6735 818
25	110574	0.0	2	102696 6968 910
26	105624	0.0	2	97611 7119 894
27	106229	0.0	2	98211 7071 941 6
28	99556	0.0	2	91306 7360 881 9
29	96517	0.0	2	88212 7332 924 49
30	94780	0.0	3	86382 7216 946 236
31	88877	0.0	3	80928 6874 830 245
32	86077	0.0	3	78336 6736 810 195
33	83458	0.0	3	75559 6760 888 251
34	81057	0.0	3	73686 6329 802 240
35	74543	0.0	3	67763 5843 733 204
36	70668	0.0	3	64058 5686 734 190
37	66835	0.0	3	60680 5277 683 195
38	63605	0.0	3	57963 4898 574 170
39	59955	0.0	3	54468 4732 587 168
40	55948	0.0	3	50868 4378 543 159
41	52258	0.0	3	47560 4052 476 170
42	48793	0.0	3	44564 3690 429 110
43	46156	0.0	3	42094 3506 412 144
44	43334	0.0	3	39452 3379 372 131
45	40830	0.0	3	37140 3218 367 105
46	37325	0.0	3	33995 2913 325 92
47	33724	0.0	3	30799 2531 302 92
48	32134	0.0	3	29225 2515 292 102
49	28618	0.0	3	26100 2231 218 69
50	26949	0.0	3	24640 2013 243 53
51	24501	0.0	3	22423 1789 212 77
52	23450	0.0	3	21405 1746 198 101
53	20587	0.0	3	18764 1603 166 54
54	19354	0.0	3	17699 1427 165 63
55	17177	0.0	3	15676 1306 146 49
56	15783	0.0	3	14441 1155 141 46
57	13984	0.0	3	12749 1073 103 59
58	12711	0.0	3	11654 899 106 52
59	11492	0.0	3	10480 843 104 65
60	10336	0.0	3	9429 780 97 30
61	9201	0.0	3	8341 741 68 51
62	8420	0.0	3	7668 631 81 40
63	7733	0.0	3	7048 582 72 31
64	6764	0.0	3	6148 514 55 47
65	6144	0.0	3	5586 449 44 65
66	5672	0.0	3	5116 458 45 53
67	5066	0.0	3	4601 365 44 56
68	4459	0.0	3	4050 328 35 46
69	3853	0.0	3	3528 284 29 12
70	3463	0.0	3	3161 244 43 15
71	2932	0.0	3	2660 214 36 22
72	2854	0.0	3	2561 244 27 22
73	2564	0.0	3	2320 194 30 20
74	2280	0.0	3	2015 230 22 13
75	2034	0.0	3	1847 156 20 11
76	1782	0.0	3	1606 142 17 17
77	1671	0.0	3	1492 141 22 16
78	1477	0.0	3	1294 116 14 53
79	1287	0.0	3	1142 104 17 24
80	1163	0.0	3	1015 104 9 35
81	995	0.0	3	874 79 18 24
82	898	0.0	3	812 63 7 16
83	878	0.0	3	732 65 11 70
84	768	0.0	3	674 62 9 23
85	684	0.0	3	605 55 9 15
86	607	0.0	3	526 47 7 27
87	613	0.0	3	550 40 8 15
88	600	0.0	3	491 33 7 69
89	444	0.0	3	381 41 12 10
90	457	0.0	3	381 35 6 35
91	356	0.0	3	311 26 5 14
92	355	0.0	3	302 34 6 13
93	321	0.0	3	270 27 8 16
94	289	0.0	3	219 45 9 16
95	327	0.0	3	255 34 9 29
96	326	0.0	3	200 19 9 98
97	240	0.0	3	188 12 3 37
98	234	0.0	3	189 20 3 22
99	237	0.0	3	192 16 9 20
100	183	0.0	3	142 25 7 9
101	169	0.0	3	136 17 6 10
102	154	0.0	3	126 13 2 13
103	150	0.0	3	125 16 5 4
104	146	0.0	3	96 26 3 21
105	102	0.0	3	66 20 2 14
106	104	0.0	3	67 12 5 20
107	92	0.0	3	59 18 5 10
108	105	0.0	3	77 10 4 14
109	77	0.0	3	50 5 1 21
110	70	0.0	3	44 7 3 16
111	70	0.0	3	42 8 5 15
112	80	0.0	3	53 2 0 25
113	60	0.0	3	37 10 3 10
114	51	0.0	3	23 17 5 6
115	49	0.0	3	26 7 6 10
116	50	0.0	3	24 15 1 10
117	47	0.0	3	18 14 2 13
118	51	0.0	3	25 4 2 20
119	41	0.0	3	28 1 3 9
120	31	0.0	3	11 1 3 16
121	37	0.0	3	13 5 5 14
122	41	0.0	3	8 3 3 27
123	65	0.0	3	15 7 5 38
124	107	0.0	3	17 8 7 75
125	85	0.0	3	17 3 2 63
126	53	0.0	3	14 7 2 30
127	43	0.0	3	14 7 2 20
128	31	0.0	3	8 1 6 16
129	25	0.0	3	4 2 6 13
130	25	0.0	3	7 1 5 12
131	34	0.0	3	6 12 1 15
132	35	0.0	3	5 10 3 17
133	14	0.0	3	2 2 1 9
134	30	0.0	3	2 1 2 25
135	21	0.0	3	6 1 3 11
136	22	0.0	3	5 5 6 6
137	48	0.0	3	5 3 4 36
138	34	0.0	3	1 7 2 24
139	43	0.0	3	6 5 0 32
140	25	0.0	3	4 2 3 16
141	16	0.0	3	4 1 2 9
142	31	0.0	3	0 1 3 27
143	12	0.0	3	0 0 0 12
144	23	0.0	3	0 0 2 21
145	9	0.0	3	0 0 1 8
146	7	0.0	3	0 1 2 4
147	7	0.0	3	0 0 2 5
148	11	0.0	3	5 0 0 6
149	18	0.0	3	0 0 2 16
150	8	0.0	3	1 0 0 7
151	2659	0.0	3	4 2406 223 26


=== Second read: Adapter 2 ===

Sequence: AGATCGGAAGAGCGTCGTGTAGGGAAAGAGTGT; Type: regular 3'; Length: 33; Trimmed: 5693244 times

Minimum overlap: 3
No. of allowed errors:
1-9 bp: 0; 10-19 bp: 1; 20-29 bp: 2; 30-33 bp: 3

Bases preceding removed adapters:
  A: 10.3%
  C: 41.6%
  G: 39.2%
  T: 8.9%
  none/other: 0.0%

Overview of removed sequences
length	count	expect	max.err	error counts
3	681383	408698.0	0	681383
4	257840	102174.5	0	257840
5	189529	25543.6	0	189529
6	164226	6385.9	0	164226
7	156771	1596.5	0	156771
8	155729	399.1	0	155729
9	156094	99.8	0	155183 911
10	154744	24.9	1	150523 4221
11	151295	6.2	1	147559 3736
12	148441	1.6	1	145002 3439
13	145443	0.4	1	141577 3866
14	143475	0.1	1	139789 3686
15	142660	0.0	1	138650 4010
16	138315	0.0	1	133735 4580
17	135274	0.0	1	130225 5049
18	134636	0.0	1	129381 5186 69
19	130433	0.0	1	124597 5643 193
20	128600	0.0	2	106967 20339 1294
21	125409	0.0	2	86825 32371 6213
22	120129	0.0	2	101691 14805 3633
23	116238	0.0	2	95788 16267 4183
24	113830	0.0	2	93403 15860 4567
25	107416	0.0	2	80280 21857 5279
26	102599	0.0	2	78776 18634 5189
27	102918	0.0	2	78626 19028 5206 58
28	95833	0.0	2	60925 29161 5650 97
29	91743	0.0	2	62084 21960 6896 803
30	90907	0.0	3	60391 20621 6925 2970
31	84697	0.0	3	47393 23903 9061 4340
32	82546	0.0	3	54778 18411 6429 2928
33	78540	0.0	3	51789 17762 5955 3034
34	76843	0.0	3	50292 17598 6061 2892
35	70750	0.0	3	46671 16134 5349 2596
36	66896	0.0	3	43679 15477 5214 2526
37	63350	0.0	3	41727 14565 4737 2321
38	60538	0.0	3	40285 13704 4489 2060
39	56749	0.0	3	36318 13533 4640 2258
40	52977	0.0	3	34375 12241 4304 2057
41	50327	0.0	3	35076 10466 3261 1524
42	46255	0.0	3	29711 10899 3789 1856
43	44218	0.0	3	30736 9215 2931 1336
44	41259	0.0	3	27502 9122 3113 1522
45	38751	0.0	3	25111 9037 3036 1567
46	35643	0.0	3	22579 8590 3027 1447
47	31997	0.0	3	21528 6979 2296 1194
48	30385	0.0	3	20252 6734 2305 1094
49	27284	0.0	3	18039 6193 2056 996
50	25476	0.0	3	16232 6025 2138 1081
51	22990	0.0	3	14761 5424 1849 956
52	22282	0.0	3	15443 4680 1442 717
53	19451	0.0	3	12441 4604 1603 803
54	18369	0.0	3	11828 4328 1462 751
55	16144	0.0	3	10270 3871 1349 654
56	14905	0.0	3	9483 3594 1228 600
57	13253	0.0	3	8474 3167 1085 527
58	11945	0.0	3	7611 2845 989 500
59	10786	0.0	3	6808 2561 954 463
60	9719	0.0	3	6225 2318 791 385
61	8631	0.0	3	5412 2071 764 384
62	7928	0.0	3	5026 1886 699 317
63	7374	0.0	3	5043 1611 469 251
64	6436	0.0	3	4307 1471 445 213
65	5790	0.0	3	3992 1208 399 191
66	5301	0.0	3	3634 1131 357 179
67	4785	0.0	3	3189 1080 334 182
68	4181	0.0	3	2777 984 295 125
69	3625	0.0	3	2370 840 274 141
70	3255	0.0	3	2116 742 261 136
71	2752	0.0	3	1767 652 239 94
72	2650	0.0	3	1713 594 230 113
73	2407	0.0	3	1541 604 168 94
74	2126	0.0	3	1312 533 181 100
75	1909	0.0	3	1242 434 142 91
76	1682	0.0	3	1156 362 113 51
77	1558	0.0	3	1131 294 89 44
78	1346	0.0	3	948 273 91 34
79	1199	0.0	3	793 277 89 40
80	1067	0.0	3	729 220 82 36
81	900	0.0	3	601 211 53 35
82	849	0.0	3	578 181 64 26
83	783	0.0	3	538 161 57 27
84	699	0.0	3	451 159 62 27
85	622	0.0	3	421 131 42 28
86	554	0.0	3	358 124 52 20
87	562	0.0	3	395 118 33 16
88	502	0.0	3	342 104 39 17
89	412	0.0	3	262 104 30 16
90	395	0.0	3	248 95 29 23
91	323	0.0	3	213 69 32 9
92	319	0.0	3	209 68 26 16
93	273	0.0	3	173 70 21 9
94	233	0.0	3	144 58 25 6
95	268	0.0	3	171 60 27 10
96	202	0.0	3	125 52 13 12
97	189	0.0	3	123 45 17 4
98	203	0.0	3	144 28 20 11
99	197	0.0	3	134 42 14 7
100	153	0.0	3	110 27 10 6
101	142	0.0	3	92 30 19 1
102	129	0.0	3	79 31 10 9
103	125	0.0	3	87 18 12 8
104	102	0.0	3	75 18 6 3
105	67	0.0	3	47 11 3 6
106	72	0.0	3	53 11 5 3
107	58	0.0	3	32 10 12 4
108	80	0.0	3	49 23 6 2
109	51	0.0	3	33 11 5 2
110	50	0.0	3	36 7 4 3
111	47	0.0	3	35 9 2 1
112	53	0.0	3	40 10 3
113	39	0.0	3	22 11 4 2
114	27	0.0	3	19 2 4 2
115	26	0.0	3	14 7 2 3
116	24	0.0	3	16 4 2 2
117	21	0.0	3	13 5 3
118	26	0.0	3	17 6 1 2
119	29	0.0	3	18 6 1 4
120	10	0.0	3	8 1 0 1
121	13	0.0	3	10 2 1
122	9	0.0	3	4 3 1 1
123	19	0.0	3	11 3 3 2
124	15	0.0	3	8 6 1
125	16	0.0	3	10 5 1
126	16	0.0	3	10 3 1 2
127	15	0.0	3	8 4 2 1
128	9	0.0	3	6 2 1
129	4	0.0	3	3 1
130	7	0.0	3	4 2 1
131	7	0.0	3	6 0 0 1
132	6	0.0	3	4 1 1
133	2	0.0	3	1 1
134	2	0.0	3	1 1
135	7	0.0	3	6 0 1
136	8	0.0	3	6 2
137	7	0.0	3	3 4
138	2	0.0	3	1 0 1
139	7	0.0	3	4 2 1
140	4	0.0	3	2 2
141	4	0.0	3	4
142	1	0.0	3	1
144	1	0.0	3	0 0 0 1
146	1	0.0	3	0 1
148	5	0.0	3	3 2
150	1	0.0	3	0 1
151	3	0.0	3	2 0 1
