This is cutadapt 4.9 with Python 3.12.7
Command line parameters: -m 31 -a AGATCGGAAGAGCACACGTCTGAACTCCAGTCA -A AGATCGGAAGAGCGTCGTGTAGGGAAAGAGTGT -o A992_s1 -p A992_s2 FASTQ/A992_1.fastq.gz FASTQ/A992_2.fastq.gz
Processing paired-end reads on 1 core ...
Finished in 258.616 s (10.377 µs/read; 5.78 M reads/minute).

=== Summary ===

Total read pairs processed:         24,922,998
  Read 1 with adapter:               6,541,813 (26.2%)
  Read 2 with adapter:               6,533,536 (26.2%)

== Read fate breakdown ==
Pairs that were too short:               4,838 (0.0%)
Pairs written (passing filters):    24,918,160 (100.0%)

Total basepairs processed: 7,526,745,396 bp
  Read 1: 3,763,372,698 bp
  Read 2: 3,763,372,698 bp
Total written (filtered):  7,241,813,957 bp (96.2%)
  Read 1: 3,618,628,522 bp
  Read 2: 3,623,185,435 bp

=== First read: Adapter 1 ===

Sequence: AGATCGGAAGAGCACACGTCTGAACTCCAGTCA; Type: regular 3'; Length: 33; Trimmed: 6541813 times

Minimum overlap: 3
No. of allowed errors:
1-9 bp: 0; 10-19 bp: 1; 20-29 bp: 2; 30-33 bp: 3

Bases preceding removed adapters:
  A: 11.6%
  C: 33.4%
  G: 36.0%
  T: 18.9%
  none/other: 0.1%

Overview of removed sequences
length	count	expect	max.err	error counts
3	554422	389421.8	0	554422
4	243384	97355.5	0	243384
5	187630	24338.9	0	187630
6	176573	6084.7	0	176573
7	170979	1521.2	0	170979
8	170811	380.3	0	170811
9	171411	95.1	0	170576 835
10	172725	23.8	1	167407 5318
11	169407	5.9	1	164593 4814
12	166754	1.5	1	161571 5183
13	164722	0.4	1	159677 5045
14	164223	0.1	1	158544 5679
15	164363	0.0	1	158473 5890
16	159236	0.0	1	152985 6251
17	157134	0.0	1	150412 6722
18	157197	0.0	1	150003 7112 82
19	151710	0.0	1	144426 7025 259
20	150681	0.0	2	142081 7732 868
21	149130	0.0	2	140120 8056 954
22	144220	0.0	2	134841 8404 975
23	140487	0.0	2	131445 8086 956
24	138734	0.0	2	129438 8262 1034
25	132089	0.0	2	122529 8509 1051
26	128521	0.0	2	118543 8902 1076
27	127665	0.0	2	117594 8880 1163 28
28	121668	0.0	2	110838 9672 1120 38
29	119281	0.0	2	108417 9591 1200 73
30	116425	0.0	3	105434 9519 1151 321
31	109257	0.0	3	98883 8920 1133 321
32	106257	0.0	3	96020 8874 1076 287
33	103257	0.0	3	92886 8806 1211 354
34	100207	0.0	3	90362 8415 1119 311
35	94137	0.0	3	84913 7886 1069 269
36	89264	0.0	3	80398 7604 988 274
37	84136	0.0	3	75925 7002 947 262
38	80802	0.0	3	72986 6705 870 241
39	75518	0.0	3	67969 6476 858 215
40	71894	0.0	3	64963 5947 768 216
41	67190	0.0	3	60709 5557 716 208
42	63645	0.0	3	57581 5215 671 178
43	59955	0.0	3	54351 4825 611 168
44	56796	0.0	3	51312 4758 565 161
45	52651	0.0	3	47652 4370 472 157
46	48039	0.0	3	43511 3924 472 132
47	44379	0.0	3	40071 3756 432 120
48	41961	0.0	3	37960 3477 389 135
49	37451	0.0	3	33814 3195 334 108
50	35199	0.0	3	31878 2871 346 104
51	32159	0.0	3	29110 2665 280 104
52	29968	0.0	3	27158 2418 291 101
53	26960	0.0	3	24417 2238 230 75
54	25121	0.0	3	22873 1955 217 76
55	22649	0.0	3	20506 1842 224 77
56	20739	0.0	3	18842 1644 185 68
57	18919	0.0	3	17158 1513 179 69
58	16829	0.0	3	15286 1331 162 50
59	15199	0.0	3	13778 1216 139 66
60	13817	0.0	3	12547 1078 140 52
61	12488	0.0	3	11246 1055 131 56
62	11096	0.0	3	10053 879 101 63
63	10219	0.0	3	9260 828 98 33
64	9140	0.0	3	8281 737 70 52
65	8254	0.0	3	7462 637 99 56
66	7456	0.0	3	6710 630 69 47
67	6572	0.0	3	5946 524 53 49
68	5656	0.0	3	5162 408 49 37
69	5038	0.0	3	4604 375 37 22
70	4436	0.0	3	4038 338 35 25
71	4102	0.0	3	3701 338 33 30
72	3693	0.0	3	3321 311 34 27
73	3258	0.0	3	2922 283 32 21
74	2946	0.0	3	2641 251 38 16
75	2648	0.0	3	2391 215 23 19
76	2366	0.0	3	2131 196 16 23
77	2125	0.0	3	1927 158 25 15
78	1898	0.0	3	1670 155 22 51
79	1689	0.0	3	1498 133 28 30
80	1523	0.0	3	1375 124 3 21
81	1375	0.0	3	1209 114 15 37
82	1215	0.0	3	1097 85 14 19
83	1091	0.0	3	955 66 10 60
84	982	0.0	3	865 76 12 29
85	861	0.0	3	765 66 7 23
86	799	0.0	3	700 61 11 27
87	710	0.0	3	623 62 7 18
88	704	0.0	3	572 68 4 60
89	661	0.0	3	579 58 14 10
90	578	0.0	3	503 34 5 36
91	552	0.0	3	475 49 13 15
92	443	0.0	3	388 31 11 13
93	378	0.0	3	329 29 8 12
94	359	0.0	3	303 37 10 9
95	357	0.0	3	292 32 9 24
96	368	0.0	3	267 33 2 66
97	270	0.0	3	218 22 5 25
98	265	0.0	3	221 14 10 20
99	266	0.0	3	214 22 6 24
100	272	0.0	3	224 24 6 18
101	237	0.0	3	193 23 6 15
102	167	0.0	3	138 15 8 6
103	158	0.0	3	121 22 10 5
104	142	0.0	3	107 14 4 17
105	139	0.0	3	106 20 5 8
106	117	0.0	3	79 13 8 17
107	114	0.0	3	81 18 3 12
108	102	0.0	3	70 14 9 9
109	94	0.0	3	75 6 5 8
110	105	0.0	3	79 8 4 14
111	89	0.0	3	62 10 6 11
112	91	0.0	3	57 4 0 30
113	66	0.0	3	38 10 4 14
114	42	0.0	3	25 10 2 5
115	45	0.0	3	28 3 2 12
116	48	0.0	3	32 5 1 10
117	65	0.0	3	34 8 6 17
118	41	0.0	3	25 1 3 12
119	30	0.0	3	10 5 4 11
120	37	0.0	3	13 3 6 15
121	40	0.0	3	16 3 7 14
122	42	0.0	3	14 3 1 24
123	71	0.0	3	12 8 3 48
124	82	0.0	3	10 7 3 62
125	69	0.0	3	6 1 4 58
126	49	0.0	3	13 2 3 31
127	40	0.0	3	11 2 3 24
128	51	0.0	3	10 4 9 28
129	26	0.0	3	8 4 1 13
130	33	0.0	3	8 5 4 16
131	32	0.0	3	8 5 8 11
132	26	0.0	3	4 2 2 18
133	30	0.0	3	12 3 2 13
134	33	0.0	3	7 1 2 23
135	22	0.0	3	8 1 0 13
136	27	0.0	3	7 2 3 15
137	39	0.0	3	5 1 1 32
138	25	0.0	3	0 6 1 18
139	31	0.0	3	1 3 0 27
140	22	0.0	3	2 1 3 16
141	22	0.0	3	1 1 1 19
142	27	0.0	3	3 0 4 20
143	13	0.0	3	0 0 3 10
144	23	0.0	3	1 0 0 22
145	9	0.0	3	2 1 1 5
146	12	0.0	3	0 0 1 11
147	10	0.0	3	1 0 1 8
148	14	0.0	3	5 0 2 7
149	10	0.0	3	0 0 1 9
150	3	0.0	3	1 0 1 1
151	3905	0.0	3	0 3523 340 42


=== Second read: Adapter 2 ===

Sequence: AGATCGGAAGAGCGTCGTGTAGGGAAAGAGTGT; Type: regular 3'; Length: 33; Trimmed: 6533536 times

Minimum overlap: 3
No. of allowed errors:
1-9 bp: 0; 10-19 bp: 1; 20-29 bp: 2; 30-33 bp: 3

Bases preceding removed adapters:
  A: 10.2%
  C: 40.0%
  G: 40.6%
  T: 9.1%
  none/other: 0.0%

Overview of removed sequences
length	count	expect	max.err	error counts
3	651504	389421.8	0	651504
4	262214	97355.5	0	262214
5	198678	24338.9	0	198678
6	177428	6084.7	0	177428
7	171129	1521.2	0	171129
8	171192	380.3	0	171192
9	171863	95.1	0	171029 834
10	172469	23.8	1	167960 4509
11	168935	5.9	1	165259 3676
12	166165	1.5	1	162417 3748
13	163691	0.4	1	158755 4936
14	163507	0.1	1	159348 4159
15	163510	0.0	1	158959 4551
16	158298	0.0	1	153283 5015
17	156435	0.0	1	150901 5534
18	156448	0.0	1	150782 5624 42
19	150889	0.0	1	144940 5766 183
20	149708	0.0	2	123500 24537 1671
21	147391	0.0	2	102503 37171 7717
22	142817	0.0	2	121580 16800 4437
23	139074	0.0	2	115716 18311 5047
24	137269	0.0	2	112823 18731 5715
25	128150	0.0	2	97559 24272 6319
26	124775	0.0	2	96863 21624 6288
27	123494	0.0	2	95460 21841 6171 22
28	117061	0.0	2	75271 34978 6783 29
29	113311	0.0	2	79361 25226 8036 688
30	111535	0.0	3	75784 24054 8110 3587
31	104155	0.0	3	59986 27853 10971 5345
32	101828	0.0	3	69137 21800 7348 3543
33	97045	0.0	3	65733 20615 7015 3682
34	94931	0.0	3	63815 20514 7067 3535
35	89227	0.0	3	60373 19211 6601 3042
36	84428	0.0	3	56404 18643 6411 2970
37	79724	0.0	3	54292 16910 5731 2791
38	76940	0.0	3	52537 16422 5466 2515
39	71385	0.0	3	47044 16083 5509 2749
40	68105	0.0	3	45380 15077 5167 2481
41	64778	0.0	3	46209 12787 3926 1856
42	60396	0.0	3	39860 13441 4710 2385
43	57511	0.0	3	40971 11401 3498 1641
44	53921	0.0	3	36561 11616 3906 1838
45	49955	0.0	3	33463 10905 3776 1811
46	45976	0.0	3	29911 10586 3765 1714
47	42040	0.0	3	28905 8884 2908 1343
48	39751	0.0	3	27346 8427 2666 1312
49	35692	0.0	3	24286 7659 2526 1221
50	33243	0.0	3	21720 7568 2643 1312
51	30133	0.0	3	19838 6752 2378 1165
52	28513	0.0	3	20503 5532 1648 830
53	25373	0.0	3	16788 5620 1978 987
54	23788	0.0	3	15643 5363 1856 926
55	21372	0.0	3	14028 4776 1748 820
56	19590	0.0	3	12573 4679 1573 765
57	17869	0.0	3	11695 4066 1439 669
58	15854	0.0	3	10407 3536 1265 646
59	14253	0.0	3	9218 3309 1162 564
60	12978	0.0	3	8369 3048 1039 522
61	11822	0.0	3	7741 2659 945 477
62	10445	0.0	3	6828 2368 800 449
63	9790	0.0	3	7011 1856 648 275
64	8728	0.0	3	6048 1795 595 290
65	7801	0.0	3	5475 1583 501 242
66	7065	0.0	3	4922 1438 475 230
67	6293	0.0	3	4328 1303 461 201
68	5342	0.0	3	3707 1089 385 161
69	4734	0.0	3	3222 984 368 160
70	4164	0.0	3	2780 873 336 175
71	3895	0.0	3	2607 834 302 152
72	3484	0.0	3	2306 764 279 135
73	3063	0.0	3	2042 667 226 128
74	2792	0.0	3	1845 597 235 115
75	2502	0.0	3	1672 566 176 88
76	2234	0.0	3	1597 423 145 69
77	1976	0.0	3	1460 346 120 50
78	1769	0.0	3	1308 311 107 43
79	1569	0.0	3	1105 319 87 58
80	1432	0.0	3	979 284 109 60
81	1278	0.0	3	877 268 101 32
82	1149	0.0	3	776 225 95 53
83	994	0.0	3	714 180 67 33
84	898	0.0	3	616 182 66 34
85	791	0.0	3	536 174 58 23
86	722	0.0	3	485 154 56 27
87	651	0.0	3	460 129 40 22
88	604	0.0	3	405 134 41 24
89	623	0.0	3	403 144 52 24
90	512	0.0	3	322 122 47 21
91	495	0.0	3	332 108 38 17
92	406	0.0	3	274 86 28 18
93	340	0.0	3	251 64 16 9
94	312	0.0	3	219 61 21 11
95	306	0.0	3	195 74 21 16
96	278	0.0	3	176 64 30 8
97	226	0.0	3	158 45 16 7
98	229	0.0	3	165 43 14 7
99	231	0.0	3	153 53 11 14
100	235	0.0	3	161 51 14 9
101	192	0.0	3	136 33 15 8
102	146	0.0	3	105 26 10 5
103	128	0.0	3	78 30 6 14
104	111	0.0	3	82 24 3 2
105	113	0.0	3	81 20 7 5
106	85	0.0	3	62 16 4 3
107	83	0.0	3	57 14 10 2
108	83	0.0	3	60 15 8
109	79	0.0	3	55 13 4 7
110	85	0.0	3	61 15 7 2
111	72	0.0	3	51 12 7 2
112	60	0.0	3	47 8 4 1
113	43	0.0	3	29 9 2 3
114	26	0.0	3	18 4 4
115	27	0.0	3	18 6 2 1
116	32	0.0	3	22 9 1
117	36	0.0	3	24 9 2 1
118	26	0.0	3	20 5 1
119	15	0.0	3	9 5 0 1
120	18	0.0	3	12 2 3 1
121	16	0.0	3	11 4 1
122	16	0.0	3	13 0 2 1
123	14	0.0	3	12 0 0 2
124	12	0.0	3	7 2 3
125	7	0.0	3	4 2 1
126	14	0.0	3	11 3
127	11	0.0	3	8 2 1
128	12	0.0	3	7 5
129	10	0.0	3	5 4 0 1
130	11	0.0	3	7 3 1
131	11	0.0	3	6 2 1 2
132	5	0.0	3	5
133	13	0.0	3	11 2
134	8	0.0	3	6 1 0 1
135	7	0.0	3	5 2
136	9	0.0	3	8 1
137	5	0.0	3	3 1 0 1
138	2	0.0	3	0 1 0 1
139	1	0.0	3	0 1
140	2	0.0	3	1 0 1
141	2	0.0	3	1 0 0 1
142	3	0.0	3	2 0 0 1
145	3	0.0	3	2 1
147	1	0.0	3	0 1
148	5	0.0	3	3 2
150	1	0.0	3	0 1
151	1	0.0	3	1
